Number Goods: 24,  Number Bidders: 100,  Number Iterations: 2000
1.2 | 2.19
5.75 | 6.17
2.4 | 2.63
8.05 | 8.31
7.15 | 8.67
3.9 | 4.26
4.5 | 5.78
4.1 | 4.99
8.4 | 8.55
4.6 | 5.71
7.5 | 8.55
2.3 | 2.75
5.75 | 6.86
7.8 | 8.86
5 | 5.71
5.15 | 5.94
5.75 | 7.47
5.25 | 5.94
3.75 | 4.97
6 | 7.23
6.6 | 7.71
4.6 | 6.2
6.25 | 7.07
6.6 | 7.16
2.4 | 2.47
3.3 | 4.34
3.75 | 4.93
3.9 | 4.9
1.15 | 1.45
2.1 | 3.04
1.2 | 2.1
1.2 | 1.58
3.9 | 4.84
2.4 | 2.89
6.6 | 8.09
3.75 | 3.93
5 | 5.86
9.6 | 9.87
6.3 | 7.04
4.6 | 5.94
2.2 | 3.23
7.4 | 8.67
8.75 | 9.17
3.55 | 4.54
2.6 | 2.73
6.25 | 6.85
3.3 | 4.2
3.6 | 4.58
8.8 | 9.07
1.2 | 2.1
1.15 | 1.37
2.4 | 2.86
9.6 | 10.3
6 | 6.68
6.9 | 7.71
4.6 | 5.25
5.75 | 6.29
2.4 | 3.1
3.6 | 3.77
3.6 | 4.02
1.1 | 2.26
4.6 | 5.07
3.75 | 4.64
7.8 | 8.87
4.2 | 4.36
3.75 | 4.19
8.05 | 8.46
4.2 | 5.11
6.9 | 7.71
7.7 | 8.31
8.05 | 8.15
6.1 | 8.22
4.4 | 4.52
2.4 | 3.42
6.6 | 6.98
3.55 | 4.2
3.4 | 4.56
10.4 | 10.7
4.8 | 5.53
2.6 | 3.27
2.4 | 2.63
3.6 | 4.78
9.6 | 9.99
8.4 | 8.58
7.2 | 8.15
5.5 | 6.22
5.05 | 5.43
3.3 | 3.86
2.4 | 3.16
4.6 | 4.99
4 | 4.94
7.2 | 8.11
1.2 | 3.27
3.75 | 4.28
6 | 6.81
7 | 7.33
2.2 | 3.06
3.75 | 4.97
6.9 | 6.94
4.8 | 5.21
6 | 6.58
3.6 | 3.71
5.75 | 7.76
3.3 | 3.83
4.6 | 5.33
7.7 | 8
4.8 | 5.06
8.4 | 8.98
6.5 | 7.63
3.6 | 3.64
10.4 | 10.5
3.6 | 4.61
3.3 | 3.59
7.5 | 8.1
6.2 | 7.59
2.5 | 3.12
3.9 | 4.11
4.8 | 6
9.1 | 9.33
9.6 | 10.2
3.75 | 3.91
3 | 3.04
3.45 | 3.59
5.75 | 5.96
1.1 | 1.51
0 | 0.956
5.5 | 6.32
0 | 0.748
6.5 | 6.58
5.2 | 5.61
2 | 2.83
8.4 | 8.75
5 | 5.06
1.2 | 1.5
6.6 | 6.69
1.15 | 2.25
2.3 | 2.75
7.5 | 7.64
4.6 | 5
1.3 | 1.81
6 | 6.24
5.5 | 5.78
6.9 | 7.03
6.4 | 8.3
3 | 3.19
5.5 | 6.33
0 | 1.45
7.2 | 7.76
8.4 | 9.23
7.5 | 8.06
2.4 | 3.45
1.25 | 2.08
4.8 | 5.5
8.4 | 8.73
6 | 6.25
7.2 | 8
6.25 | 7.38
3.45 | 4
9.1 | 9.58
2.4 | 2.67
4.8 | 5.33
3.6 | 4.3
1.15 | 1.94
6.6 | 7.33
8.05 | 8.48
2.2 | 2.22
5.5 | 5.57
5.5 | 6.55
3.75 | 3.95
3.6 | 4.05
7.35 | 8
7.8 | 9.08
2.3 | 3.25
8.05 | 8.37
4.6 | 5.58
7.7 | 8.11
8.4 | 8.49
3.6 | 4.99
5.8 | 7.65
6.9 | 7.67
6.2 | 7.34
2.5 | 2.86
7.7 | 8.77
8.4 | 8.67
8.75 | 9.88
6.25 | 6.3
4.6 | 5.19
5.9 | 6.45
6.9 | 7.37
1.2 | 2.42
5.25 | 5.29
5 | 5.7
3.3 | 3.67
4.8 | 5.57
1.15 | 1.67
5.45 | 7.42
6.25 | 6.57
1.1 | 3.11
4.4 | 5.68
2.3 | 2.67
3.3 | 4.22
2.2 | 2.81
4.8 | 6.61
3.3 | 4.13
4 | 4.36
10.4 | 10.8
5.2 | 6.06
9.6 | 10.4
0 | 1.01
7.2 | 7.99
1.2 | 1.28
1.2 | 1.59
2 | 3.71
6.25 | 8.37
3.45 | 3.91
5.4 | 6.5
4.6 | 5.39
6.3 | 6.96
2.3 | 2.67
3.6 | 3.97
2.3 | 2.67
2.4 | 2.8
7.8 | 8.54
1.25 | 3.44
5 | 5.56
6.25 | 6.82
7.35 | 8.06
1.05 | 1.39
2.6 | 3.31
1.2 | 2.12
2.4 | 3.29
3.6 | 4.24
6.9 | 7.12
8.4 | 8.86
4.6 | 5.59
2.2 | 2.92
6.4 | 7.37
7.8 | 9.76
9.2 | 9.56
2.3 | 3.02
5.75 | 6.86
8.05 | 8.82
5.75 | 6.11
4.8 | 5.57
8.75 | 8.89
1 | 1.84
6.25 | 6.9
1.1 | 1.87
6.6 | 7.29
0 | 1.02
6.5 | 7.46
5 | 5.3
4.8 | 5.58
4.4 | 5.1
6.9 | 7.61
8.8 | 9.01
6.25 | 7.18
2.4 | 3.32
2.1 | 2.24
1.3 | 2.49
5.2 | 6.29
1.05 | 1.78
7.7 | 7.89
7.15 | 9.4
2.4 | 3.81
1.1 | 1.86
6.9 | 7.74
6.6 | 6.8
5.2 | 6.03
1.25 | 2.19
9 | 9.72
6.9 | 7.36
3.3 | 3.98
4 | 4.02
9.1 | 9.79
8.75 | 9.28
3.75 | 4.79
6.55 | 8.44
4.45 | 5.8
7.8 | 9.5
5 | 6.1
6.5 | 7.36
3.9 | 4.06
6.6 | 8.02
4.9 | 6.58
6.5 | 7.2
2.2 | 2.32
5.5 | 5.62
4.6 | 4.87
5.25 | 5.74
6.25 | 7.15
5.5 | 6.14
6.4 | 7.73
5 | 5.25
6.9 | 7.4
5 | 5.76
4.8 | 5.08
3.75 | 5.36
2.4 | 3.18
5 | 5.25
Number Goods: 12,  Number Bidders: 100,  Number Iterations: 2000
integral util | fractional util
2.2 | 2.3
2.1 | 3.07
2.5 | 3.28
3.6 | 4.12
0 | 0.28
3 | 3.71
3.6 | 3.91
3.6 | 4.46
1 | 1.69
4.4 | 4.57
1.2 | 1.95
1.15 | 1.8
1.1 | 1.67
1.15 | 2.24
2.3 | 2.94
1.05 | 1.65
2.4 | 3.21
3.15 | 4.18
2.2 | 2.33
3.75 | 4.96
2.5 | 2.65
2.5 | 3.54
4.6 | 4.8
0.95 | 1.05
0 | 0.638
0.9 | 1.47
1.2 | 2.03
2 | 2.56
0 | 0.347
2.4 | 3.34
2.4 | 2.92
3.8 | 4.19
2.3 | 2.56
4.4 | 4.4
1.25 | 2.09
3.45 | 4.57
2.5 | 3.2
3.6 | 4.07
2.3 | 2.54
0.85 | 1.51
3.3 | 3.5
1.8 | 2.36
1.25 | 1.83
2.4 | 2.78
3.6 | 4.23
1.05 | 1.18
2.9 | 3.86
3.3 | 4.21
1 | 1.56
1.3 | 2.18
5 | 5.33
4.8 | 4.99
1.15 | 1.81
0 | 1.06
1.15 | 1.8
0 | 0.803
2.05 | 3.29
2.7 | 2.93
2.5 | 2.61
0 | 0.365
1.1 | 1.5
1.1 | 1.38
1.25 | 1.32
2.5 | 2.59
1.2 | 2.29
1.05 | 2.01
2.3 | 2.68
2.2 | 3.03
1.15 | 1.92
2.4 | 3.14
1.05 | 1.47
5 | 5.14
0 | 0.601
1.1 | 1.21
2 | 2.13
1.9 | 2.21
3.3 | 3.56
0 | 1.01
3.45 | 3.74
1.7 | 2.14
2.1 | 3.41
2.2 | 2.7
1.15 | 2.09
0 | 0.937
2.3 | 3.21
3 | 3.23
1.15 | 2.17
4.2 | 4.68
2.85 | 3.17
3.3 | 4.29
2.85 | 3.64
3.6 | 4.23
3.45 | 3.74
1.05 | 1.66
2.3 | 2.95
1.2 | 1.95
1.3 | 2.27
1 | 1.97
3.3 | 4.22
0 | 0.58
2.1 | 2.3
1.25 | 1.28
2.2 | 3.01
3.3 | 3.37
1.2 | 1.51
0.9 | 1.03
2 | 2.6
2.1 | 2.64
3.3 | 4.34
3.75 | 3.99
2.2 | 3.22
0 | 0.525
1.25 | 1.82
3.45 | 4.28
3.3 | 3.54
3.3 | 3.49
3.3 | 3.64
1.1 | 1.13
1.1 | 2.17
3.45 | 3.99
1.3 | 2.29
5.2 | 5.5
3.3 | 3.39
3.15 | 3.86
1 | 1.09
1.15 | 1.58
2.5 | 2.85
0 | 0.456
3.4 | 4.2
1.15 | 2.1
2.3 | 2.36
3.6 | 3.81
2.2 | 3.01
2.6 | 2.79
3.6 | 4.79
1.1 | 1.31
1 | 1.94
2.1 | 3.02
1.05 | 1.32
1.2 | 2.29
4.8 | 4.82
2.4 | 3.53
1 | 1.61
3.3 | 3.64
3.4 | 3.88
2.5 | 3.01
1.05 | 1.26
0 | 0.685
0 | 1.07
1.1 | 2.01
1.2 | 1.97
2.6 | 3.84
1.2 | 1.51
1.1 | 1.79
3.45 | 3.54
2.5 | 2.71
3.3 | 3.89
2.85 | 3.75
2 | 2.76
3.15 | 4.02
2.5 | 3.73
3.45 | 3.84
1.05 | 1.08
2.2 | 3.43
2.85 | 3.14
1.25 | 1.51
2.4 | 2.89
2.4 | 2.87
2 | 2.62
3.15 | 3.77
3.45 | 4.54
3.75 | 4.22
2.3 | 3.81
2.2 | 3.08
3.6 | 4.11
1.15 | 1.18
2.4 | 2.72
2.7 | 3.29
1.8 | 1.97
1.2 | 1.44
2.3 | 3.02
3.3 | 4.27
1.05 | 1.25
3.6 | 4.79
2.4 | 3.56
1.1 | 1.51
0 | 0.481
1.1 | 2.13
2.1 | 2.28
1.1 | 2.17
0 | 0.959
1.2 | 1.51
1.3 | 1.7
1.2 | 1.44
2 | 2.74
2.4 | 4.11
0 | 1
2.4 | 3.59
2.6 | 3.74
1.25 | 1.43
Number Goods: 45,  Number Bidders: 78,  Number Iterations: 200
integral util | fractional util
14.3 | 14.5
5.75 | 6.23
5.2 | 6.12
16.9 | 17.4
1.1 | 2.33
9.6 | 10.2
15.6 | 16
4.6 | 5.54
4.6 | 5.43
6.5 | 6.82
10.2 | 11.5
11.7 | 11.7
16.8 | 19.5
4.8 | 5.42
14.3 | 14.8
13.8 | 15.1
7.6 | 8.33
15 | 17.9
10 | 10.5
19.5 | 20.7
21.2 | 23.6
15.6 | 15.7
9.9 | 10.9
20 | 20
9.1 | 11
9.4 | 9.86
7.8 | 8.12
20.7 | 23.8
16.6 | 18.8
17.1 | 17.8
14.7 | 15
14.5 | 15.5
18.8 | 19.1
14.4 | 16.5
20.3 | 21.9
3.45 | 4.27
7.8 | 8.18
16.3 | 18.7
19.2 | 20.4
12 | 12.4
16.4 | 18.6
18 | 19
8.75 | 9.76
8.9 | 10.8
12.5 | 12.9
19.8 | 22.9
18.8 | 19.8
22.8 | 24.6
10.4 | 11.5
4.8 | 5.1
21.6 | 24.3
21.6 | 22.8
6 | 6.5
16.2 | 18
7.65 | 8.58
9.9 | 11.3
18.6 | 19.6
2.4 | 3.14
22.6 | 23.7
11.5 | 11.6
8.05 | 9.16
7.8 | 9.01
16.2 | 16.8
16.8 | 18.9
20.4 | 21
17.8 | 19.5
9.5 | 11.6
7.7 | 8.76
18.8 | 19.8
19.1 | 20.2
15.6 | 16.2
4.45 | 4.78
5.25 | 6.59
13.8 | 14.9
3.3 | 4.02
20.4 | 21.3
20.8 | 22.1
12.9 | 14.1
