Number Goods: 80,  Number Bidders: 800,  Number Iterations: 100
integral util | fractional util
2.6 | 3.42
2.3 | 2.76
2.5 | 4.15
0 | 1.53
1.25 | 2.28
2.5 | 3.18
1.25 | 2.38
1.25 | 2.62
2.6 | 3.77
1.3 | 2.18
2.5 | 2.68
1.3 | 1.55
1.25 | 2.09
1.2 | 1.77
1.25 | 1.63
1.25 | 2.16
3.8 | 4.22
0 | 0.603
0 | 2.05
1.3 | 2.25
1.3 | 1.65
2.5 | 3.29
1.2 | 1.89
2.6 | 3.38
1.3 | 4.1
1.25 | 2.58
0 | 2.05
1.3 | 1.41
2.55 | 4.2
0 | 1.71
2.5 | 3.66
1.25 | 2.56
0 | 1.02
2.4 | 2.99
3.9 | 4.44
1.25 | 3.36
2.5 | 3.29
2.5 | 3.22
2.6 | 2.94
2.5 | 3.37
2.5 | 4.43
1.3 | 2.61
2.4 | 2.79
1.1 | 2.18
2.4 | 3.12
2.6 | 3.69
2.5 | 3.92
0 | 1.02
2.6 | 2.75
0 | 1.3
1.3 | 2.26
1.3 | 1.56
0 | 1.18
3.6 | 4.13
2.5 | 2.88
1.3 | 1.87
0 | 1.47
2.6 | 3.72
1.25 | 2.06
2.4 | 3.42
1.25 | 2.62
0 | 1.02
1.25 | 3.54
0 | 1.18
0 | 1.03
0 | 1.42
2.6 | 2.65
0 | 0.893
1.3 | 3.41
3.6 | 3.67
0 | 2.56
2.6 | 4.15
1.3 | 3.24
2.6 | 3.18
2.5 | 3.43
1.25 | 2.29
0 | 1.64
1.3 | 1.79
1.25 | 1.64
2.6 | 3
0 | 1.9
0 | 1.58
2.5 | 3.09
0 | 0.899
2.6 | 2.86
3.9 | 4.02
1.3 | 1.59
1.2 | 2.2
2.6 | 4.15
1.2 | 2.73
1.3 | 1.59
2.5 | 3.23
1.25 | 2.05
3.9 | 4.62
0 | 2.24
2.6 | 3.81
0 | 0.579
1.25 | 1.83
2.4 | 3.6
1.25 | 2.67
1.3 | 2.39
1.2 | 1.76
2.55 | 3.6
2.5 | 2.59
2.6 | 3.34
1.3 | 1.93
1.2 | 3.73
0 | 1.49
0 | 2.53
0 | 1.44
1.3 | 1.58
1.25 | 2.82
0 | 1.94
1.3 | 1.81
2.4 | 2.94
1.25 | 1.97
2.6 | 4.05
0 | 1.41
3.6 | 4.5
2.5 | 3.54
3.6 | 4.22
0 | 0.724
1.3 | 2.18
1.25 | 1.81
2.6 | 3.21
1.3 | 2.6
1.2 | 1.62
2.6 | 3.68
2.6 | 4.18
0 | 1.65
2.5 | 3.14
1.3 | 3.37
1.3 | 3.13
1.25 | 1.63
2.6 | 3.3
1.2 | 3.63
1.25 | 3.15
1.25 | 2.5
2.6 | 2.75
3.9 | 4.66
0 | 1.59
3.75 | 3.96
3.75 | 4
2.4 | 3.64
1.15 | 3.75
2.6 | 3.58
0 | 1.02
1.25 | 2.55
1.2 | 1.94
1.3 | 2.56
1.2 | 3.35
1.25 | 2.61
1.3 | 2.51
2.6 | 3.66
0 | 0.556
2.6 | 3.51
0 | 1.21
2.6 | 3.77
1.2 | 1.56
2.6 | 4.03
1.3 | 3.21
2.5 | 3.22
1.3 | 3.31
0 | 1.2
2.5 | 4.13
1.25 | 2.21
1.3 | 1.84
1.2 | 2.45
1.2 | 1.46
1.25 | 1.96
1.3 | 4.13
0 | 1.8
1.25 | 2.88
2.6 | 3.57
2.55 | 3.41
1.3 | 2.45
2.5 | 2.77
1.2 | 3.11
0 | 0.897
2.5 | 3.68
1.25 | 1.94
0 | 1.16
1.3 | 2.61
1.3 | 2.5
2.6 | 3.97
1.3 | 1.9
2.6 | 2.82
1.3 | 1.59
2.5 | 3.39
0 | 1.55
0 | 1.21
1.25 | 2.08
3.55 | 4.13
1.25 | 1.53
1.3 | 2.44
1.3 | 2.41
1.25 | 2.92
2.6 | 4.44
1.2 | 1.98
1.3 | 2.89
2.6 | 3.31
2.6 | 3.85
1.25 | 1.93
0 | 1.07
1.2 | 4.06
0 | 2.69
1.25 | 2.81
0 | 1.12
2.4 | 4.11
1.25 | 2.68
2.5 | 3.79
0 | 1.76
2.6 | 3.88
3.6 | 4.45
2.5 | 2.79
3.6 | 4.25
0 | 0.558
1.25 | 2.48
0 | 0.776
2.5 | 2.55
0 | 0.66
1.25 | 2.06
0 | 1.45
1.3 | 1.78
1.25 | 2.16
1.25 | 2.89
2.6 | 3.57
1.2 | 2.35
0 | 1.42
1.3 | 2.36
3.7 | 4.65
3.9 | 4.12
1.25 | 3.39
1.3 | 1.32
1.3 | 2.16
1.3 | 1.43
2.5 | 3.74
0 | 2
2.5 | 2.91
1.25 | 1.97
0 | 1.71
1.2 | 3.98
2.4 | 4.34
1.2 | 1.55
2.6 | 2.92
1.3 | 1.31
1.25 | 3.3
0 | 0.674
0 | 0.607
2.4 | 3.73
1.25 | 2.46
1.25 | 3.07
1.3 | 1.87
2.5 | 4.44
1.3 | 3.04
1.3 | 1.79
2.6 | 3.91
0 | 2.71
0 | 0.495
0 | 2.21
1.3 | 1.77
1.3 | 2.12
1.25 | 2.08
2.6 | 2.9
2.6 | 3.26
0 | 1.52
1.25 | 3.53
1.25 | 3.76
0 | 1.1
2.6 | 2.9
2.4 | 3.12
2.6 | 2.83
0 | 1.24
0 | 1.19
1.3 | 2.5
2.5 | 3.93
2.4 | 3.87
1.25 | 1.82
2.5 | 4.64
1.15 | 1.92
2.6 | 3.16
2.6 | 4.42
1.3 | 2.36
2.6 | 4.09
3.45 | 3.75
2.4 | 3.29
0 | 1.12
0 | 1.02
2.4 | 3.99
2.5 | 3.71
1.3 | 1.84
3.9 | 4.08
0 | 1.23
2.45 | 3.15
1.3 | 1.32
1.3 | 2.01
1.3 | 1.57
3.75 | 4.05
2.5 | 3.14
1.25 | 2.38
0 | 1.16
2.4 | 3.28
0 | 1.24
0 | 1.54
0 | 1.07
1.25 | 2.05
2.4 | 2.74
2.6 | 3.12
1.3 | 1.42
2.4 | 3.4
1.25 | 2.28
2.5 | 3.97
2.6 | 3.13
0 | 0.471
0 | 0.919
2.5 | 3.48
2.5 | 3.39
1.3 | 3.34
1.2 | 1.65
1.3 | 2.02
2.4 | 2.47
2.4 | 3.57
2.6 | 3.33
3.9 | 4.14
0 | 0.705
1.3 | 1.81
2.6 | 3.61
1.3 | 2.3
0 | 1.21
1.2 | 3.03
1.25 | 3.93
1.3 | 1.67
1.25 | 2.97
0 | 1.45
1.3 | 2.18
0 | 1.72
0 | 1
0 | 1.38
1.25 | 1.65
1.25 | 2.17
0 | 1.08
1.3 | 3.21
1.25 | 2.26
1.25 | 2.44
2.6 | 2.95
1.3 | 2.54
2.3 | 3.69
2.5 | 3.72
2.5 | 3.61
2.4 | 4.21
1.2 | 1.92
3.75 | 4.09
1.15 | 1.93
1.2 | 1.86
3.6 | 4.11
2.5 | 3.68
1.3 | 1.53
0 | 1.01
0 | 1.27
1.25 | 2.79
0 | 0.564
1.3 | 1.57
1.2 | 1.96
0 | 1.39
1.25 | 2.95
1.3 | 1.42
0 | 0.583
1.25 | 1.98
0 | 1.28
2.6 | 2.9
2.4 | 4.09
3.45 | 4.29
1.2 | 1.67
1.2 | 1.48
1.2 | 3.77
2.5 | 2.74
0 | 1.52
0 | 1.17
1.25 | 2.83
2.6 | 4.03
2.5 | 2.71
0 | 0.231
0 | 1.28
2.4 | 4.07
1.25 | 1.86
1.25 | 2.19
0 | 1.81
2.5 | 2.78
2.4 | 3.89
2.5 | 3.28
1.15 | 3.1
2.4 | 2.8
0 | 0.979
2.6 | 3.69
1.15 | 2.04
0 | 1.3
2.5 | 3.1
2.6 | 3.9
2.5 | 3.18
1.15 | 2.56
0 | 0.725
1.3 | 2.85
0 | 0.945
3.9 | 4.89
1.3 | 2.58
1.2 | 1.79
2.5 | 4.13
1.25 | 2.13
0 | 1.3
1.25 | 1.48
3.9 | 4.49
2.4 | 3.13
2.6 | 3.2
0 | 1.06
2.5 | 3.05
2.6 | 3.42
1.3 | 2.24
0 | 0.687
0 | 1.41
3.75 | 4.07
2.4 | 4.37
1.25 | 2.73
1.2 | 3.04
3.75 | 3.98
2.5 | 3.54
1.25 | 3.12
2.4 | 2.9
1.25 | 3.07
2.6 | 3.1
2.5 | 3.04
3.75 | 4.15
0 | 0.473
0 | 2.5
2.4 | 3.84
1.25 | 2.1
0 | 1.22
0 | 0.675
2.6 | 3.5
2.5 | 3.54
1.3 | 1.9
2.5 | 3.54
0 | 1.04
2.6 | 3.31
2.6 | 3.4
1.15 | 2.55
2.6 | 4.12
0 | 0.446
2.4 | 3.29
1.25 | 1.64
1.3 | 1.8
0 | 0.322
0 | 1.69
2.5 | 2.96
0 | 0.664
0 | 1.43
1.25 | 3.01
1.25 | 2.45
3.9 | 4.16
1.25 | 2.6
0 | 1.09
0 | 0.58
1.3 | 1.33
1.25 | 1.66
0 | 1.18
2.5 | 3.41
0 | 1.03
3.75 | 4.76
2.5 | 3.59
0 | 1.83
1.3 | 2.92
0 | 0.816
1.25 | 3.66
2.55 | 3.88
0 | 1.65
0 | 0.716
1.3 | 3.09
2.3 | 3.56
1.25 | 2.72
2.5 | 3.49
1.3 | 2.86
0 | 0.871
1.2 | 1.46
0 | 1.15
1.2 | 2.56
1.25 | 2.45
1.3 | 2.56
0 | 0.705
1.2 | 2.73
3.75 | 4.19
0 | 1.53
0 | 0.988
1.25 | 3.75
0 | 2.15
2.4 | 3.8
1.25 | 2.04
2.6 | 2.94
1.25 | 3
1.3 | 2.96
1.3 | 1.88
0 | 0.471
1.3 | 1.36
2.4 | 2.56
0 | 1.31
1.25 | 1.59
2.6 | 4.02
2.6 | 4.03
0 | 1.47
1.15 | 3.51
0 | 1.07
1.25 | 3.28
0 | 1.26
0 | 1.17
0 | 1.48
1.3 | 3.43
2.5 | 3.97
3.9 | 4.66
0 | 1.45
1.3 | 2.54
3.75 | 4.2
0 | 0.857
0 | 0.893
1.3 | 2.65
2.4 | 3.62
1.3 | 2.3
1.2 | 1.54
1.25 | 1.95
1.2 | 1.9
1.2 | 3.29
1.25 | 1.38
2.5 | 3.92
1.15 | 3.05
1.3 | 3.69
3.75 | 4.16
1.2 | 1.21
2.3 | 2.67
3.6 | 3.75
1.3 | 1.56
1.2 | 2.18
0 | 0.617
2.3 | 2.59
1.25 | 1.93
2.5 | 3.32
0 | 1.14
0 | 1.31
1.25 | 1.48
2.5 | 2.51
1.25 | 1.42
1.3 | 3.04
0 | 0.693
2.5 | 3.83
1.3 | 2.68
2.6 | 2.76
1.2 | 2.68
2.5 | 3.08
1.25 | 2.33
1.25 | 1.82
2.6 | 3.81
1.25 | 1.29
2.6 | 3.39
1.25 | 1.7
0 | 1.92
1.3 | 1.43
2.4 | 2.91
2.5 | 3.71
3.9 | 4.29
0 | 2.07
1.3 | 1.43
1.15 | 2.46
3.75 | 4.53
1.25 | 2.63
0 | 1.43
1.25 | 2.55
0 | 1.98
1.3 | 2.59
0 | 0.823
0 | 0.566
2.6 | 3.84
1.3 | 2.62
2.4 | 2.46
1.25 | 2.31
0 | 1.19
2.6 | 3.18
2.6 | 3.09
1.2 | 2.9
1.25 | 2.5
2.55 | 2.73
3.75 | 4
0 | 0.681
1.3 | 1.81
1.25 | 1.52
0 | 3.17
1.2 | 2.69
3.75 | 4.65
2.4 | 3.78
0 | 1.59
2.6 | 4.66
2.5 | 3.87
0 | 1.37
0 | 0.807
3.9 | 4.44
0 | 1.28
1.25 | 1.74
0 | 0.906
1.3 | 1.33
0 | 1.28
0 | 0.832
2.5 | 2.9
0 | 2.35
0 | 1.1
2.4 | 2.76
3.75 | 4
0 | 0.731
3.9 | 4.33
0 | 1.09
1.2 | 2.92
0 | 0.969
0 | 0.457
2.2 | 4.13
0 | 0.461
0 | 0.848
1.3 | 1.94
0 | 1.35
2.6 | 4.08
3.75 | 4.31
1.2 | 2.34
1.25 | 2.75
1.25 | 2.31
0 | 0.825
2.6 | 4.09
0 | 0.476
1.25 | 2.06
2.6 | 4.52
2.6 | 3.51
2.6 | 3.77
2.6 | 2.97
0 | 1.93
1.3 | 1.45
2.4 | 3.45
2.4 | 3.82
1.3 | 1.46
2.5 | 3.18
1.3 | 1.57
2.6 | 3.39
0 | 0.939
3.9 | 4.5
1.25 | 1.8
1.3 | 1.57
2.5 | 3.67
1.25 | 2.79
1.3 | 1.55
2.35 | 3.83
1.25 | 2.41
1.3 | 3.97
3.9 | 4.33
1.25 | 2.39
0 | 1.18
0 | 1.23
1.2 | 2.12
3.9 | 4.11
0 | 1.16
2.6 | 3.03
2.5 | 2.83
1.25 | 1.93
1.2 | 2.76
2.6 | 2.65
0 | 1.83
1.3 | 1.91
0 | 1.66
0 | 2
1.25 | 3.74
2.6 | 3.42
1.3 | 3.53
2.3 | 3.15
1.25 | 1.98
2.5 | 3.74
2.6 | 3.7
2.5 | 3.89
0 | 2.45
1.25 | 2.05
2.5 | 2.73
1.3 | 3.55
2.4 | 4.1
1.25 | 1.61
0 | 0.915
1.25 | 1.64
1.15 | 2.04
1.25 | 1.74
2.6 | 2.98
1.3 | 2.2
2.6 | 3.19
2.6 | 2.97
3.75 | 4.82
0 | 0.466
0 | 0.84
0 | 0.575
1.2 | 2.4
2.6 | 2.82
0 | 1.2
1.2 | 3.51
1.25 | 2.49
1.2 | 1.76
3.9 | 4.01
1.3 | 2.72
1.25 | 1.87
0 | 1.37
0 | 2.24
0 | 1.65
1.25 | 2.6
2.4 | 3.71
0 | 1.26
1.25 | 1.42
2.6 | 2.65
1.25 | 2.87
1.3 | 2.1
1.25 | 2.38
1.3 | 2.42
1.25 | 3.48
2.5 | 3.75
3.9 | 4.84
0 | 1.36
1.25 | 2.86
0 | 0.828
0 | 0.828
0 | 0.783
1.3 | 1.44
0 | 1.12
1.3 | 2.04
1.3 | 1.33
2.6 | 3.73
2.6 | 4.31
1.25 | 2.41
1.3 | 2.18
2.6 | 3.72
1.3 | 1.78
1.25 | 1.62
0 | 0.843
2.5 | 4.26
1.25 | 1.3
1.3 | 1.94
1.3 | 1.84
3.9 | 3.93
2.6 | 3.72
2.6 | 2.99
1.25 | 2.1
1.2 | 2.21
0 | 1.37
1.25 | 1.39
0 | 1
1.3 | 2.03
3.9 | 4.28
1.25 | 1.51
2.5 | 3.73
3.9 | 4.8
1.2 | 1.83
1.3 | 2.28
2.5 | 4.5
2.4 | 3.37
2.5 | 3.79
0 | 0.957
3.6 | 4.1
2.4 | 3.61
2.4 | 4.13
1.3 | 2.47
0 | 1.21
1.3 | 2.09
0 | 1.84
1.25 | 1.94
2.6 | 3.21
3.9 | 4.24
0 | 1.24
0 | 0.831
1.2 | 3.94
1.3 | 1.33
2.6 | 3.58
1.3 | 1.84
0 | 0.713
0 | 1.63
1.25 | 3.09
1.15 | 2.05
2.5 | 3.75
0 | 1.91
2.5 | 2.91
1.3 | 2.4
1.3 | 1.83
1.2 | 2.89
1.25 | 1.62
1.3 | 1.99
3.9 | 4.4
0 | 0.489
1.25 | 1.62
2.5 | 2.98
0 | 1.28
1.25 | 1.26
2.5 | 2.92
0 | 0.695
2.6 | 4.21
1.3 | 1.56
2.5 | 3.81
1.25 | 1.95
3.9 | 5.09
0 | 0.975
2.6 | 2.79
0 | 0.731
1.2 | 2.5
2.5 | 3.49
3.6 | 3.89
2.5 | 3.82
2.5 | 4.39
1.2 | 3.84
0 | 0.565
1.1 | 2.08
0 | 0.576
1.15 | 2.88
1.25 | 2.25
1.25 | 3.23
3.9 | 4.51
1.3 | 2.01
0 | 0.928
2.6 | 3.72
1.25 | 1.6
1.25 | 1.97
1.3 | 2.38
1.3 | 2.71
1.3 | 2.17
0 | 1.7
0 | 0.608
2.5 | 3.6
1.25 | 2.56
1.25 | 2.28
1.3 | 1.47
2.6 | 3.71
3.7 | 4.62
2.6 | 3.05
2.6 | 3.89
2.5 | 3.03
0 | 1.13
0 | 0.807
2.5 | 3.11
2.5 | 3.12
2.6 | 3.59
2.4 | 3.36
1.2 | 3.16
0 | 1.78
3.75 | 3.92
1.25 | 3.06
1.25 | 1.64
2.6 | 3.5
1.3 | 2.23
2.6 | 2.93
0 | 0.612
1.2 | 2.79
1.15 | 1.73
2.6 | 3.27
1.3 | 2.04
3.75 | 3.96
0 | 1.05
1.3 | 2.05
3.9 | 4.24
0 | 0.704
2.5 | 2.79
1.3 | 2.58
1.3 | 1.83
2.6 | 3.19
0 | 1.97
2.5 | 2.67
2.55 | 3.88
1.3 | 2.41
1.3 | 1.67
1.2 | 1.56
0 | 1.84
0 | 1.34
2.6 | 3.52
2.5 | 3.47
3.9 | 4.31
0 | 0.972
1.15 | 1.7
0 | 0.671
0 | 1.46
1.3 | 1.82
3.6 | 4.01
1.25 | 2.3
1.25 | 2.55
0 | 1.64
1.25 | 2.28
0 | 1.21
2.5 | 3.46
1.3 | 1.9
1.25 | 2.79
2.6 | 3.18
2.4 | 3.24
1.2 | 1.56
0 | 0.705
2.4 | 3.14
2.6 | 2.88
0 | 0.698
2.5 | 3.35
1.3 | 1.45
0 | 0.948
1.25 | 2.47
1.3 | 1.71
0 | 1.07
0 | 1.52
0 | 1.17
1.3 | 1.94
0 | 1.32
1.25 | 1.92
0 | 1.42
2.6 | 3.27
1.3 | 1.4
0 | 1.78
0 | 1.69
1.25 | 2.69
2.4 | 3.38
0 | 1.09
1.2 | 1.58
1.25 | 2.1
1.3 | 1.7
1.2 | 1.45
3.9 | 4.83
3.75 | 4.09
0 | 1.07
2.4 | 3.85
1.3 | 3.02
1.3 | 3.88
1.3 | 2.54
0 | 1.1
0 | 1.45
0 | 0.842
1.25 | 2.67
0 | 0.483
1.3 | 2.94
1.15 | 1.29
2.6 | 3.75
1.25 | 1.99
2.6 | 3.23
1.3 | 1.95
2.5 | 3.22
1.25 | 1.96
3.75 | 3.84
1.2 | 1.38
2.5 | 4.03
2.3 | 3.8
1.25 | 2.24
2.6 | 3.63
0 | 1.62
2.4 | 3.69
1.3 | 1.95
2.6 | 3.03
3.9 | 4.95
1.25 | 2.56
1.3 | 2.57
2.6 | 3.64
2.6 | 3.74
0 | 0.346
1.25 | 2.89
1.2 | 2.12
1.3 | 2.28
1.3 | 1.7
2.5 | 3.4
2.6 | 3.84
2.5 | 2.57
3.9 | 4.27
0 | 0.581
1.2 | 1.88
0 | 0.476
2.4 | 3.26
1.25 | 3.48
0 | 1.25
1.25 | 1.65
0 | 1.33
1.15 | 2.1
0 | 0.846
0 | 0.976
0 | 1.07
2.5 | 3.48
1.25 | 2.46
1.15 | 3.58
2.3 | 3.23
1.3 | 2.44
2.6 | 3.69
3.9 | 4.92
1.2 | 3.03
1.3 | 2.07
1.25 | 2.72
2.6 | 3.42
0 | 0.471
2.5 | 4.41
2.4 | 3.74
1.25 | 1.4
2.6 | 3.05
2.5 | 4.48
2.6 | 3.45
1.25 | 2.79
1.25 | 1.98
2.4 | 4.33
0 | 2.36
0 | 2.34
2.4 | 3.26
3.6 | 4.16
0 | 1.33
0 | 0.366
1.2 | 2.27
0 | 1.76
2.5 | 2.93
1.25 | 3
2.5 | 3.3
1.25 | 1.5
1.3 | 2.41
1.3 | 3.18
2.4 | 3.61
0 | 2.04
2.5 | 3.17
2.4 | 3.35
2.6 | 4.41
1.2 | 1.96
2.4 | 3.17
1.3 | 2.89
0 | 0.485
1.25 | 1.64
2.5 | 2.83
0 | 1.28
1.25 | 2.46
1.3 | 3.18
3.9 | 4.33
1.25 | 3.14
3.75 | 4.92
1.3 | 2.28
1.25 | 3.38
0 | 1.53
1.3 | 1.92
0 | 1.15
2.6 | 3.52
2.5 | 3.72
1.3 | 1.45
2.6 | 2.93
2.5 | 2.59
2.4 | 2.81
1.3 | 2.18
2.5 | 3.37
0 | 1.74
0 | 0.479
2.6 | 3.24
0 | 1.07
2.6 | 4.15
0 | 1
2.4 | 2.7
3.9 | 4.1
2.6 | 3.66
2.5 | 2.87
2.5 | 3.53
0 | 1.4
1.25 | 2.26
0 | 0.788
1.15 | 1.39
1.2 | 2.32
2.6 | 2.68
2.6 | 4.14
2.6 | 4.6
3.45 | 4.1
2.4 | 3.57
3.6 | 4.51
1.3 | 1.66
3.75 | 4
2.4 | 3.11
0 | 1.21
1.3 | 2.66
0 | 1.21
2.5 | 3.02
2.6 | 3.26
1.25 | 2.23
3.9 | 4
1.2 | 2.23
1.25 | 2.28
2.45 | 3.84
0 | 0.774
1.25 | 1.6
0 | 0.973
0 | 0.476
1.2 | 2.56
0 | 0.707
1.2 | 2.61
1.25 | 1.84
2.5 | 3.11
1.25 | 2.34
0 | 0.798
1.25 | 3.04
2.5 | 4.12
1.3 | 2.18
0 | 1.32
2.6 | 3.3
2.5 | 3.66
1.25 | 1.74
1.25 | 2.39
0 | 1.51
1.3 | 2.57
1.3 | 1.58
1.25 | 2.06
3.75 | 4.28
2.6 | 3.14
1.25 | 2.12
1.25 | 2.46
3.9 | 4.66
2.6 | 3.47
0 | 1.16
0 | 1.19
1.2 | 4.01
0 | 0.6
2.5 | 3.47
0 | 1.09
2.6 | 4.04
1.3 | 2.29
2.6 | 3.5
2.6 | 3.99
0 | 1.33
2.6 | 4.12
3.75 | 4.79
1.3 | 2.29
1.25 | 1.83
0 | 1.29
2.6 | 2.73
2.5 | 2.96
0 | 1.32
2.4 | 3.19
2.6 | 3.59
2.55 | 4.12
1.25 | 2.32
1.25 | 1.46
0 | 1.41
2.6 | 3.51
3.9 | 4.54
1.3 | 2.28
2.5 | 4.77
2.5 | 3.91
1.3 | 3.65
1.25 | 1.87
1.3 | 1.45
2.5 | 2.54
2.6 | 2.7
1.2 | 2.96
0 | 1.35
0 | 0.737
0 | 1.24
2.5 | 2.57
1.15 | 2.37
1.2 | 3.33
1.25 | 1.87
1.3 | 3.18
1.15 | 1.94
1.25 | 1.77
1.25 | 1.62
0 | 0.59
1.3 | 1.78
2.5 | 3.42
0 | 1.65
1.3 | 2
2.5 | 3.26
1.3 | 2.64
2.6 | 4.54
2.5 | 3.04
1.25 | 2.12
1.25 | 2.42
1.25 | 1.97
0 | 0.97
0 | 1.17
0 | 0.611
2.5 | 3
0 | 1.76
2.6 | 3.87
2.6 | 3.64
0 | 0.648
2.6 | 3.02
1.3 | 1.86
0 | 1.4
2.3 | 3.45
2.5 | 3.14
1.2 | 1.79
2.5 | 3.02
2.5 | 3.11
3.9 | 4.68
0 | 2.12
2.5 | 3.24
3.9 | 4.88
1.3 | 1.95
1.2 | 2.25
2.5 | 3.14
3.75 | 4.76
0 | 1.18
2.6 | 2.65
2.6 | 3.51
1.3 | 2.42
2.6 | 2.81
2.5 | 3.87
1.2 | 1.69
3.75 | 4.01
1.25 | 4.46
1.2 | 3.48
2.5 | 4.1
2.5 | 2.81
2.6 | 3.02
0 | 0.82
1.3 | 2.07
1.3 | 3.27
0 | 0.642
1.25 | 2.69
1.3 | 2.31
2.6 | 4.11
1.3 | 1.45
1.25 | 3.37
0 | 0.982
2.5 | 4.61
1.3 | 1.99
2.5 | 3.52
2.6 | 3.26
0 | 1.09
0 | 0.936
3.9 | 4.2
1.3 | 2.6
2.4 | 3.74
1.3 | 2.41
2.5 | 3.61
0 | 1.34
1.2 | 2.38
0 | 0.931
1.3 | 2.94
2.6 | 3.24
2.6 | 3.26
0 | 1.93
0 | 1.28
0 | 1.26
0 | 1.21
0 | 0.553
1.3 | 2.3
0 | 0.455
2.3 | 2.89
2.6 | 3.63
0 | 0.339
1.15 | 1.93
1.3 | 3.48
0 | 1.5
1.3 | 2.53
1.3 | 1.67
0 | 0.458
2.6 | 2.69
2.6 | 2.94
2.5 | 3.29
1.3 | 1.91
0 | 0.812
2.4 | 3.61
1.25 | 2.41
2.6 | 3.05
2.6 | 4.06
1.3 | 1.82
0 | 0.569
1.25 | 1.7
2.6 | 3.47
1.25 | 2.27
1.3 | 2.16
2.5 | 3.64
2.5 | 3.01
1.25 | 2.02
3.9 | 4.38
2.5 | 3.71
0 | 1.29
0 | 1.09
1.25 | 2.45
1.25 | 1.51
0 | 0.351
2.5 | 3.39
1.2 | 1.48
2.5 | 3.64
1.2 | 2.07
2.6 | 3.07
0 | 1.63
0 | 1.59
0 | 1.05
3.75 | 4.18
2.4 | 3.24
3.9 | 3.97
1.25 | 1.56
0 | 0.867
2.5 | 3.74
2.4 | 3.56
2.4 | 2.67
2.4 | 3.66
1.3 | 2.3
2.6 | 4
1.25 | 1.55
1.3 | 1.81
2.5 | 4.04
2.6 | 3.27
0 | 0.558
2.6 | 3.26
3.75 | 4.3
1.3 | 2.17
0 | 1.26
1.3 | 1.69
1.3 | 2.53
2.6 | 3.93
2.6 | 2.71
1.25 | 2.81
1.25 | 3.62
1.2 | 1.89
1.2 | 2.67
1.3 | 2.1
3.9 | 3.91
2.5 | 3.73
1.25 | 1.66
2.3 | 3.17
1.25 | 1.32
1.25 | 1.38
2.5 | 3.37
1.25 | 2.35
2.5 | 3.02
1.3 | 2.33
2.5 | 3.11
2.6 | 3.61
0 | 1.27
2.6 | 3.87
1.3 | 1.45
2.4 | 2.7
3.7 | 4.49
0 | 1.29
1.2 | 2.28
1.25 | 2.36
2.5 | 3.49
2.4 | 3.91
0 | 2.27
0 | 1.07
2.5 | 4.76
1.25 | 2.71
1.25 | 1.98
0 | 1.58
3.9 | 4.54
2.4 | 2.81
2.6 | 3.3
1.2 | 1.8
1.2 | 2.14
2.5 | 3.5
1.3 | 2.31
2.6 | 3.37
1.2 | 1.76
1.25 | 3.37
1.25 | 2.44
0 | 2.23
1.3 | 3.4
2.5 | 2.86
2.5 | 3.05
0 | 0.966
1.15 | 3.54
1.3 | 2.26
1.3 | 2.16
1.25 | 2.56
2.6 | 3.2
1.25 | 2.47
1.15 | 2.78
1.25 | 2.19
2.6 | 3.33
1.3 | 2.18
2.4 | 4.41
2.6 | 3.48
2.5 | 2.93
2.4 | 3.73
2.4 | 3.06
2.5 | 3.49
0 | 1.15
0 | 0.817
2.6 | 3.87
0 | 0.22
2.6 | 2.82
1.25 | 1.81
1.3 | 3.18
0 | 1.01
2.3 | 2.78
1.2 | 1.92
2.6 | 3.68
2.6 | 3.25
0 | 0.49
1.2 | 2.36
2.5 | 3.84
2.4 | 2.79
0 | 0.789
0 | 1.45
0 | 2.7
0 | 1.1
1.25 | 1.28
0 | 0.727
1.15 | 2.36
1.2 | 2.61
2.5 | 3.51
1.3 | 1.7
2.5 | 4.08
2.6 | 3.27
0 | 2.1
0 | 3.61
2.6 | 3.64
1.25 | 1.86
2.5 | 3.38
1.25 | 3.02
2.5 | 3.64
1.3 | 1.46
0 | 1.03
1.2 | 2.34
0 | 1.21
1.25 | 2.33
2.6 | 3.5
0 | 0.46
2.6 | 4.15
1.2 | 2.23
2.6 | 3.59
2.6 | 4.14
0 | 1.28
2.6 | 3.74
1.15 | 2.47
2.6 | 3.24
0 | 1.35
0 | 1.62
1.25 | 3.16
1.3 | 2.54
1.25 | 1.64
1.25 | 3.85
2.6 | 3.4
2.5 | 3.12
1.3 | 1.69
0 | 0.907
2.4 | 2.76
2.6 | 3.91
2.6 | 2.71
1.25 | 1.62
1.2 | 1.38
1.1 | 1.78
1.25 | 2.41
2.4 | 3.23
1.25 | 2.32
2.45 | 4.48
1.25 | 1.47
1.3 | 2.16
0 | 0.966
1.25 | 2.52
1.25 | 2.98
1.15 | 1.63
1.3 | 1.74
2.6 | 4.08
2.5 | 2.82
2.5 | 3
1.25 | 1.44
2.4 | 3.15
0 | 1.15
1.25 | 3.09
0 | 1.18
0 | 0.726
1.3 | 2.65
1.3 | 2.07
0 | 1.4
3.9 | 4.29
3.9 | 4.12
1.25 | 3.06
3.9 | 4.91
1.2 | 3.5
1.25 | 1.4
0 | 1.99
0 | 0.963
1.25 | 1.99
2.5 | 4.43
0 | 1.25
2.5 | 3.22
1.25 | 2.31
0 | 1.04
3.75 | 4.56
1.3 | 1.55
1.1 | 2.58
2.4 | 3.61
0 | 1.54
2.5 | 2.69
2.5 | 3.65
2.5 | 3.42
0 | 1.35
3.75 | 4.13
1.25 | 2.64
0 | 1.42
2.6 | 2.71
1.3 | 1.33
1.25 | 2.29
1.3 | 1.83
0 | 0.223
2.5 | 3.64
1.2 | 2.37
1.25 | 2.21
2.5 | 2.74
2.5 | 2.97
1.25 | 2.33
1.2 | 2.35
0 | 1.35
2.5 | 3.66
1.3 | 2.62
1.25 | 1.53
1.2 | 3.61
2.6 | 2.67
2.5 | 2.93
3.75 | 3.85
1.3 | 2.97
0 | 0.977
2.4 | 2.88
1.3 | 1.8
1.3 | 2.39
0 | 0.847
1.25 | 2.32
3.9 | 4.15
1.3 | 1.85
2.6 | 2.66
1.2 | 1.69
1.2 | 1.68
0 | 1.51
2.6 | 3.03
1.25 | 1.63
2.5 | 3.31
2.6 | 3.16
2.5 | 3.72
1.2 | 3.68
1.25 | 1.48
1.3 | 2.47
1.3 | 1.83
0 | 1.56
0 | 0.233
0 | 1.99
2.55 | 2.82
0 | 1.11
0 | 1.57
1.2 | 2.37
1.3 | 1.46
0 | 1.88
2.5 | 3.99
1.2 | 2.67
2.4 | 3.7
2.4 | 2.91
2.3 | 2.91
0 | 1.53
2.5 | 3.09
1.25 | 2.17
1.3 | 1.95
1.2 | 2.38
1.2 | 1.26
2.4 | 3.27
0 | 1.93
0 | 1.84
0 | 1.32
1.25 | 1.64
1.25 | 2.21
1.25 | 1.28
1.25 | 1.99
1.2 | 2.61
2.6 | 3.57
0 | 1.29
2.6 | 3.96
1.25 | 3.26
1.25 | 1.68
2.6 | 4.02
0 | 0.534
2.5 | 3.71
2.5 | 3.08
1.3 | 1.44
0 | 1.29
1.3 | 1.7
1.2 | 2.21
1.25 | 1.6
1.25 | 2.59
0 | 1.42
1.2 | 1.9
1.15 | 2.81
1.15 | 3.42
2.6 | 3.04
2.6 | 3.86
2.4 | 4.1
0 | 1.01
3.9 | 4.59
0 | 0.602
1.2 | 1.48
3.9 | 4.24
2.4 | 3.01
2.4 | 2.87
2.5 | 2.57
3.75 | 4.08
1.2 | 1.34
2.5 | 2.93
2.6 | 2.93
2.4 | 2.71
1.3 | 3.24
2.4 | 3.79
0 | 2.7
2.6 | 4.16
2.5 | 2.67
0 | 1.17
2.6 | 3.16
0 | 0.855
0 | 0.587
2.6 | 3.02
1.15 | 3.47
2.5 | 2.8
2.6 | 4.47
1.15 | 2.16
1.25 | 2.13
1.2 | 2.32
2.6 | 2.99
2.6 | 3.33
3.75 | 4.3
1.3 | 2.03
2.4 | 4
3.9 | 4.55
3.9 | 4.25
1.2 | 2.62
3.75 | 4.73
1.3 | 1.85
0 | 1.28
2.5 | 3.59
3.6 | 4
1.25 | 2.35
0 | 1.85
0 | 0.477
0 | 0.344
2.4 | 2.74
1.25 | 2.7
1.25 | 2.09
1.2 | 2.66
2.6 | 3.76
1.2 | 3.02
1.3 | 1.94
1.2 | 2.42
0 | 0.861
2.4 | 3.6
0 | 1.45
2.5 | 3.36
3.75 | 4.45
0 | 1.64
1.2 | 1.48
2.6 | 3.78
2.6 | 2.79
0 | 1.58
0 | 1.58
2.5 | 3.76
2.4 | 3.73
1.25 | 1.87
2.6 | 3.76
2.6 | 4.11
1.3 | 1.65
2.6 | 3.32
1.25 | 3.71
0 | 1.29
1.3 | 1.59
0 | 1.53
2.6 | 3.71
1.2 | 2.02
2.5 | 2.97
1.3 | 1.55
2.4 | 2.77
1.25 | 3.16
1.25 | 2.77
0 | 1.47
1.25 | 1.68
0 | 0.726
0 | 0.593
1.3 | 2.18
2.6 | 3.79
2.5 | 4.23
1.25 | 2.06
0 | 1.22
1.2 | 2.22
1.2 | 1.45
1.25 | 1.55
0 | 1.05
1.3 | 2.79
0 | 1.51
2.6 | 3.5
2.5 | 4.5
1.2 | 2.09
1.3 | 2.92
1.25 | 2.3
0 | 1.56
0 | 0.575
1.2 | 2.75
2.5 | 2.62
0 | 2.64
0 | 1.06
1.2 | 2.45
1.25 | 1.86
1.3 | 2.4
3.9 | 4.06
1.2 | 1.46
2.6 | 3.58
1.25 | 2.28
1.25 | 2.55
1.2 | 1.68
2.6 | 3.3
0 | 1.29
1.3 | 2.85
1.25 | 2.91
0 | 1.62
0 | 1.8
2.6 | 2.84
1.2 | 1.88
2.6 | 3.87
2.5 | 3.54
2.4 | 3.4
1.25 | 2.32
1.3 | 1.92
1.3 | 1.43
1.25 | 1.87
0 | 1.02
0 | 0.973
0 | 1.39
3.9 | 4.31
2.4 | 2.94
0 | 0.845
0 | 2.06
1.2 | 2.09
1.25 | 1.95
2.4 | 3.59
1.3 | 1.9
1.3 | 2.34
1.25 | 1.51
2.6 | 2.98
0 | 1.81
0 | 1.26
1.25 | 1.37
1.2 | 1.57
1.25 | 2.34
1.2 | 2.08
2.5 | 3.47
0 | 1.19
0 | 0.602
0 | 1.24
2.5 | 3.08
0 | 1.6
2.6 | 3.73
3.9 | 4.5
2.5 | 2.62
2.5 | 4.48
1.3 | 3.76
2.6 | 3.59
0 | 1.8
3.9 | 4.78
1.25 | 2.74
2.55 | 4.39
0 | 1.19
0 | 0.698
0 | 1.91
3.9 | 4.46
2.6 | 3.56
2.5 | 2.67
1.25 | 2.17
1.15 | 2.2
0 | 0.594
0 | 1.72
1.2 | 2.19
1.3 | 3.42
1.2 | 1.89
0 | 1.76
0 | 1.33
1.3 | 1.79
0 | 1.29
1.25 | 1.41
1.3 | 2.02
0 | 1.3
1.25 | 2.37
0 | 1.27
0 | 0.484
2.5 | 4.63
1.25 | 2.84
0 | 1.64
1.3 | 1.82
3.6 | 4.26
0 | 1.62
1.3 | 1.8
1.25 | 1.84
1.3 | 2.86
1.3 | 1.74
2.6 | 3.53
1.25 | 2.08
3.7 | 3.99
1.25 | 3.7
2.6 | 3.65
1.25 | 2.26
2.6 | 3.3
3.6 | 3.9
2.6 | 3.84
0 | 0.966
2.5 | 2.86
2.5 | 3.47
0 | 0.843
1.3 | 1.58
0 | 1.5
0 | 1.19
1.3 | 1.83
1.25 | 2.22
2.6 | 3.35
0 | 1.81
0 | 1
2.45 | 2.8
1.25 | 1.3
0 | 0.664
0 | 0.706
1.3 | 2.8
1.25 | 2.17
1.3 | 2.38
1.25 | 2.87
2.5 | 3.2
2.4 | 3.02
0 | 0.361
2.5 | 4.7
0 | 0.94
1.25 | 3.23
1.25 | 1.3
1.2 | 2.01
1.25 | 2.12
2.5 | 4.88
2.6 | 3.03
1.25 | 3.16
0 | 1.14
2.5 | 3.41
1.2 | 2.55
1.25 | 2.73
2.4 | 3.08
1.3 | 2.75
1.25 | 2.18
2.5 | 3.84
2.5 | 4.37
0 | 1.91
1.25 | 3.32
0 | 1.04
1.3 | 2.05
1.25 | 2.84
0 | 0.814
0 | 1.76
1.3 | 1.31
2.5 | 3.14
0 | 0.991
1.3 | 2.5
0 | 1.4
1.25 | 1.29
2.4 | 2.86
2.6 | 3.32
0 | 0.753
1.25 | 1.52
0 | 0.596
2.6 | 3.29
1.15 | 3.11
1.3 | 2.91
1.2 | 4.25
1.25 | 3.08
2.6 | 2.79
1.3 | 1.31
0 | 1.22
1.3 | 2.62
3.9 | 4.02
1.25 | 2.68
1.3 | 1.78
1.3 | 2.67
2.4 | 4.36
1.3 | 2.19
2.6 | 3.55
1.3 | 3.46
3.75 | 4.52
1.25 | 2.89
0 | 1.37
1.25 | 2.66
0 | 0.671
1.25 | 1.91
0 | 1.19
1.3 | 2.25
2.4 | 2.74
1.3 | 1.34
2.5 | 3.53
1.3 | 2.05
1.3 | 3.76
0 | 0.855
2.6 | 4.3
0 | 0.351
1.25 | 2.13
2.5 | 3.24
1.25 | 1.38
2.4 | 2.78
1.25 | 1.72
1.2 | 2.52
2.6 | 2.83
2.3 | 3.95
0 | 1.97
1.2 | 1.69
2.6 | 3.66
0 | 0.604
3.75 | 3.83
1.3 | 2.17
2.6 | 3.47
2.4 | 2.8
1.3 | 2.51
2.45 | 3.55
2.4 | 2.85
2.5 | 4.13
1.3 | 1.69
0 | 1.33
2.5 | 3.09
3.9 | 4.08
2.6 | 4.47
2.6 | 3.09
0 | 1.97
2.5 | 3.05
3.75 | 4
1.3 | 2.43
1.3 | 2.15
1.3 | 2.95
2.5 | 3.39
3.9 | 4.17
3.9 | 4.26
2.6 | 3.85
2.5 | 3.97
0 | 1.75
1.25 | 1.63
2.4 | 3.25
2.5 | 3.84
1.25 | 2.95
1.25 | 3.97
1.25 | 2.59
1.2 | 1.87
2.5 | 3.36
1.2 | 1.67
3.6 | 4.2
0 | 1.17
1.25 | 1.53
2.5 | 3.42
2.4 | 3.45
3.75 | 4
1.25 | 2.32
2.6 | 2.89
2.4 | 3.88
1.3 | 1.33
1.3 | 1.72
1.3 | 1.8
2.5 | 3.67
3.75 | 4.04
1.3 | 1.94
3.75 | 4.25
0 | 0.727
0 | 2.34
1.25 | 2.81
2.5 | 3.05
3.9 | 4.28
2.5 | 4.31
2.4 | 3.79
1.25 | 2.11
1.3 | 2.5
0 | 1.53
0 | 2.09
2.5 | 3.47
0 | 2.27
1.25 | 2.34
1.25 | 2.15
0 | 1.79
1.25 | 2.4
3.6 | 3.83
1.25 | 2.51
0 | 1.09
1.3 | 2.54
1.25 | 2.14
2.6 | 3.9
0 | 0.483
1.25 | 2.02
1.3 | 3.16
3.6 | 4.38
3.9 | 4.39
3.6 | 4.1
0 | 0.464
2.5 | 3.67
3.6 | 3.97
1.25 | 2.6
2.6 | 4.11
1.2 | 2.68
0 | 1.24
1.2 | 1.53
0 | 0.435
1.2 | 1.44
1.15 | 2.92
1.25 | 2.2
0 | 0.876
1.3 | 2.01
1.3 | 2.8
0 | 1.2
1.3 | 3.13
0 | 1.31
2.5 | 3.39
1.25 | 2.45
2.6 | 2.63
1.3 | 2.39
2.6 | 3.76
2.4 | 3.44
2.5 | 3.24
1.3 | 1.34
0 | 1.43
0 | 1.08
1.2 | 2.15
1.25 | 3.33
0 | 1.31
2.6 | 3.61
0 | 1.16
0 | 1.24
3.9 | 4.39
2.5 | 3.42
2.5 | 3.03
3.75 | 4.55
1.25 | 1.83
0 | 0.722
1.25 | 2.88
2.6 | 2.77
2.6 | 3.8
2.6 | 2.98
1.25 | 1.47
2.5 | 3.38
1.3 | 2.47
0 | 0.949
3.75 | 4.64
0 | 1.19
1.3 | 2.43
1.3 | 1.8
2.6 | 2.97
2.6 | 4.08
0 | 0.351
1.3 | 2.01
2.4 | 3.18
1.3 | 1.9
2.6 | 3.67
0 | 0.894
0 | 1.15
1.3 | 2.27
2.5 | 3.2
2.5 | 3.89
2.6 | 3.03
1.2 | 2.14
0 | 1.02
0 | 1.87
0 | 0.705
1.3 | 1.44
1.25 | 2.81
1.2 | 1.35
1.25 | 1.64
0 | 0.36
1.25 | 2.18
2.4 | 3.26
1.2 | 1.85
2.5 | 3.73
2.6 | 3.49
1.3 | 1.88
1.25 | 2.55
1.3 | 2.01
2.5 | 2.72
2.6 | 3.82
2.5 | 3.63
1.25 | 2.74
1.25 | 3.09
2.6 | 3.74
0 | 1.54
0 | 0.804
1.3 | 2.14
0 | 2.52
0 | 0.798
0 | 0.587
0 | 2.44
0 | 1.88
1.15 | 1.47
2.5 | 3.82
1.25 | 2.38
0 | 0.356
1.25 | 1.95
1.2 | 3.55
1.2 | 1.59
1.25 | 3.27
3.6 | 3.8
2.6 | 3.58
0 | 1.05
1.3 | 1.93
1.25 | 2.53
0 | 1.23
2.6 | 2.93
1.3 | 2.02
1.15 | 2.14
0 | 1.11
0 | 2.02
2.6 | 3.05
3.75 | 4.09
2.6 | 3.42
1.3 | 1.9
1.15 | 2.81
2.5 | 3.32
2.6 | 3.38
2.5 | 3.16
0 | 2.99
2.6 | 3.54
2.55 | 4.16
1.25 | 3.16
2.6 | 3.36
3.9 | 4.25
3.65 | 4.72
2.5 | 2.84
2.5 | 2.72
1.2 | 2.59
1.15 | 3.54
1.2 | 3.4
1.25 | 1.82
2.5 | 3.48
2.6 | 4.03
1.25 | 2.22
2.5 | 3.39
0 | 1.17
2.6 | 3.32
1.3 | 2.15
2.6 | 3.82
2.4 | 3.64
2.4 | 2.42
1.15 | 2.66
0 | 2.51
3.9 | 4.45
0 | 1.99
1.25 | 3.01
1.3 | 1.34
1.25 | 2.63
3.75 | 4.36
0 | 1.16
1.3 | 2.42
1.2 | 1.81
0 | 0.818
2.6 | 2.71
1.2 | 2.7
1.25 | 2.2
2.4 | 3.56
2.5 | 3.67
2.5 | 3.21
1.25 | 1.49
2.6 | 3.38
0 | 1.09
1.2 | 2.98
2.6 | 3.69
2.5 | 3.5
1.25 | 1.85
1.25 | 2.18
1.25 | 1.55
1.25 | 2.14
1.25 | 2.66
1.25 | 1.37
2.5 | 2.61
1.3 | 2.22
1.3 | 2.41
1.25 | 2.82
2.5 | 2.63
0 | 0.881
1.3 | 2.25
1.25 | 1.41
0 | 0.552
0 | 0.578
2.5 | 2.61
1.25 | 1.42
2.5 | 4.2
1.25 | 2.9
0 | 0.597
2.5 | 2.76
0 | 1.19
2.4 | 3.8
2.6 | 2.64
0 | 1.17
1.2 | 1.21
1.25 | 2.48
1.3 | 1.66
2.6 | 2.8
0 | 1.09
1.2 | 2.29
1.15 | 3.29
1.25 | 4.32
1.3 | 4.11
0 | 1.08
1.3 | 2.52
3.75 | 4.18
1.25 | 2.64
3.9 | 4.86
0 | 1.35
3.75 | 4.79
0 | 1.04
3.9 | 4.77
2.6 | 2.99
0 | 0.927
1.25 | 1.94
1.2 | 3.55
0 | 1.78
1.3 | 2.83
2.6 | 3.46
2.5 | 3.05
1.3 | 1.67
0 | 1.33
0 | 1.31
1.2 | 2.07
2.5 | 4.14
2.6 | 3.13
2.55 | 4.18
2.6 | 3.36
3.75 | 3.95
1.25 | 3.63
1.25 | 2.52
2.5 | 3.65
0 | 1.67
2.5 | 3.68
2.6 | 3.62
1.3 | 2.17
1.2 | 1.43
2.5 | 3.3
0 | 2.22
2.5 | 3.22
3.75 | 4.45
1.2 | 2.41
1.3 | 1.7
1.25 | 3
1.2 | 2.16
1.3 | 1.85
1.3 | 2.47
0 | 0.813
0 | 0.586
0 | 2.41
1.25 | 1.3
0 | 0.241
1.2 | 3.3
1.25 | 2.68
0 | 0.956
2.5 | 3.09
0 | 1.24
0 | 1.17
1.25 | 2.6
3.9 | 4.84
2.5 | 2.87
2.5 | 2.8
1.25 | 3.99
0 | 1.19
1.3 | 2.62
1.25 | 1.6
3.9 | 4.78
2.5 | 2.91
1.2 | 1.42
1.3 | 2.07
2.6 | 3.86
1.25 | 1.37
2.6 | 3.64
1.25 | 2.96
1.3 | 2.14
2.6 | 3.73
2.6 | 2.83
0 | 1.14
0 | 0.463
2.5 | 3.32
0 | 1.65
1.3 | 2.51
2.5 | 3.14
2.5 | 3.36
2.4 | 2.96
1.25 | 3.17
2.5 | 3.21
2.5 | 2.87
2.6 | 3.75
2.4 | 3.71
2.5 | 3.17
2.3 | 4.21
1.3 | 2.73
1.2 | 3.45
0 | 0.93
0 | 0.727
0 | 0.944
2.5 | 3.87
0 | 1.19
0 | 0.922
2.5 | 4
2.6 | 3.5
1.25 | 1.94
1.1 | 2.22
0 | 1.69
2.45 | 4.17
1.15 | 3.96
1.3 | 2.11
1.25 | 1.66
0 | 1.17
1.3 | 2.19
2.55 | 4.54
1.25 | 1.76
1.25 | 2.09
2.5 | 3.21
2.5 | 3.31
2.5 | 3.03
1.3 | 1.78
0 | 0.573
1.25 | 1.84
0 | 0.987
2.5 | 4.25
2.5 | 2.79
1.3 | 2.02
3.6 | 4
0 | 1.75
1.2 | 1.57
2.5 | 3.68
2.6 | 3.66
0 | 0.993
2.4 | 3.32
2.5 | 3.13
2.6 | 4.11
2.5 | 4.13
1.25 | 1.78
1.25 | 1.61
1.3 | 2.89
2.6 | 3.21
1.3 | 2.71
0 | 1.37
1.3 | 1.64
0 | 1.14
2.4 | 4.28
1.25 | 2.84
2.5 | 3.31
0 | 1.81
1.25 | 4.01
2.6 | 3.47
1.25 | 2.93
1.3 | 1.78
0 | 1.08
2.5 | 3.11
1.3 | 3.25
1.2 | 1.92
2.4 | 3.04
2.6 | 3.5
2.5 | 3.14
2.6 | 3.7
1.3 | 1.44
1.25 | 2.43
1.25 | 1.31
0 | 1.32
0 | 0.563
1.25 | 2.43
2.5 | 2.84
1.25 | 3.12
0 | 1.63
1.3 | 2.31
0 | 1.69
2.6 | 2.97
1.3 | 1.74
2.6 | 3.41
2.6 | 3.31
1.25 | 3.71
1.25 | 2.08
1.25 | 1.86
2.6 | 2.73
1.3 | 1.99
2.5 | 2.98
2.5 | 2.55
0 | 0.218
0 | 0.609
2.4 | 3.34
2.4 | 3.42
1.2 | 2.28
1.25 | 1.88
2.6 | 2.97
2.5 | 3.64
2.45 | 3.91
1.2 | 2.45
1.25 | 1.76
0 | 1.07
1.3 | 1.93
2.6 | 2.74
1.3 | 1.95
2.6 | 2.66
2.5 | 3.36
2.6 | 4.22
2.5 | 3.28
1.25 | 2.06
1.3 | 2.08
1.2 | 1.71
1.25 | 1.95
0 | 1.42
1.3 | 2.52
2.5 | 3.83
2.4 | 2.88
1.25 | 3.47
1.25 | 1.37
1.3 | 2.9
2.6 | 3.47
1.25 | 2.3
2.6 | 3.09
2.5 | 3.61
1.2 | 3.12
0 | 1.49
0 | 0.828
1.25 | 2.64
2.4 | 2.99
1.3 | 2.95
0 | 1.77
0 | 1.8
3.75 | 4.23
3.9 | 4.76
2.4 | 3.35
0 | 1.55
2.6 | 3.07
0 | 0.687
1.2 | 1.22
0 | 0.6
0 | 0.992
3.75 | 4.4
2.6 | 3.55
2.4 | 2.69
2.5 | 3.59
2.5 | 3.78
0 | 2.22
1.3 | 2.62
1.25 | 2.38
1.2 | 1.58
1.25 | 3.25
3.45 | 4.3
1.25 | 3.21
2.3 | 2.9
1.3 | 1.96
2.6 | 3.5
1.25 | 3.8
3.75 | 4.29
1.2 | 3.51
0 | 1.01
1.25 | 2.42
0 | 0.982
1.25 | 2.06
0 | 1.1
0 | 0.79
2.6 | 2.92
1.15 | 1.94
0 | 2.59
0 | 0.81
0 | 1.68
2.6 | 2.9
0 | 1.09
0 | 0.968
2.3 | 3.28
1.25 | 1.51
1.25 | 1.78
2.55 | 3.4
2.45 | 4.66
1.3 | 2.02
2.6 | 3.7
0 | 0.666
2.6 | 3.69
0 | 2.15
0 | 0.453
1.3 | 2.42
2.6 | 2.71
2.4 | 3.55
1.3 | 1.47
2.5 | 3.14
1.25 | 1.63
3.75 | 4.03
0 | 1.41
1.3 | 1.79
1.25 | 1.43
1.3 | 1.93
0 | 1.4
1.25 | 2.09
1.3 | 2.46
0 | 0.896
2.6 | 3.12
1.1 | 2.8
1.25 | 1.87
2.4 | 3.35
2.6 | 4.49
0 | 2.5
3.75 | 4.49
2.5 | 4.09
2.5 | 3.11
0 | 0.724
0 | 1.54
2.6 | 2.66
2.6 | 3.17
3.75 | 4.68
0 | 1.58
2.6 | 3.83
2.5 | 3.48
0 | 2.02
3.6 | 3.74
1.15 | 1.45
1.25 | 1.91
1.25 | 2.8
2.6 | 3.11
2.5 | 3.14
0 | 1.11
2.6 | 2.91
1.15 | 2.17
1.25 | 1.61
1.25 | 3.25
2.55 | 4.21
2.3 | 3.47
1.3 | 2
2.6 | 4.09
0 | 1.06
2.5 | 4.15
1.25 | 2.32
1.25 | 2.5
2.6 | 3.16
1.3 | 2.3
3.75 | 4.44
1.3 | 3.12
1.3 | 1.44
2.3 | 3.41
2.4 | 2.8
1.25 | 2.73
0 | 0.596
1.25 | 3.37
2.6 | 2.74
2.6 | 3.78
1.3 | 1.57
1.3 | 2.77
1.3 | 1.44
2.6 | 2.87
1.2 | 1.69
1.2 | 1.32
0 | 1.78
3.9 | 4.53
1.3 | 1.96
1.3 | 2.33
0 | 1.24
2.5 | 3.71
2.6 | 3.16
0 | 1.68
1.25 | 1.93
1.25 | 2.92
2.5 | 4.16
1.2 | 3.24
2.4 | 2.82
2.35 | 3.25
2.4 | 3.38
2.5 | 2.75
0 | 0.913
0 | 1.18
1.2 | 2.58
1.25 | 2.09
2.45 | 3.17
2.5 | 2.68
1.2 | 1.8
0 | 0.609
2.6 | 3.83
2.6 | 3.23
1.25 | 2.65
2.6 | 3.69
2.6 | 3.12
1.2 | 3.23
1.25 | 3.35
1.2 | 1.63
1.25 | 1.93
1.2 | 1.98
0 | 0.892
2.4 | 3.66
0 | 0.363
1.15 | 1.84
0 | 2.68
2.4 | 3.85
3.9 | 4.46
1.25 | 2.53
0 | 1.28
2.5 | 4.59
3.45 | 4.08
1.15 | 3.3
2.4 | 2.78
0 | 1.28
0 | 0.798
2.6 | 3.24
1.3 | 2.12
0 | 0.729
1.25 | 1.63
2.4 | 3.16
1.25 | 2.49
0 | 0.608
1.2 | 1.56
1.3 | 2.43
0 | 0.487
0 | 1.3
1.3 | 2.26
1.3 | 2.17
1.25 | 3.4
2.5 | 3.12
1.25 | 3.3
2.6 | 2.94
1.25 | 2.69
1.25 | 3.04
1.3 | 2.27
2.6 | 3.65
1.25 | 2.16
1.3 | 1.44
2.4 | 3.22
0 | 1.33
2.5 | 3.38
1.25 | 2.32
1.2 | 2.77
0 | 1.52
1.25 | 2.65
1.25 | 1.74
2.4 | 2.68
2.5 | 3.7
3.9 | 4.71
2.4 | 3.78
0 | 1.04
1.2 | 1.77
0 | 0.842
2.6 | 3.73
0 | 2.03
0 | 1.8
1.3 | 1.98
2.5 | 2.93
2.6 | 2.77
1.25 | 2.41
1.2 | 1.71
0 | 1.32
2.5 | 3.62
0 | 2.84
3.9 | 4.35
0 | 1.87
1.2 | 1.66
1.3 | 2.08
0 | 1.22
2.5 | 3.23
2.5 | 3.18
0 | 1.33
1.25 | 1.98
0 | 0.777
0 | 2.39
2.6 | 3.55
0 | 1.16
1.25 | 1.42
0 | 0.936
1.3 | 2.53
1.25 | 3.34
1.25 | 2.47
2.4 | 3.14
1.3 | 1.73
0 | 1.38
0 | 0.934
2.5 | 3.42
1.3 | 1.7
2.6 | 3.35
1.3 | 2.71
0 | 2.26
1.25 | 2.55
2.6 | 3.33
1.15 | 2.14
1.3 | 2.83
0 | 1.32
0 | 0.958
2.6 | 2.77
2.5 | 3.55
0 | 1.15
0 | 1.62
2.4 | 3.43
2.4 | 3.21
0 | 1.06
1.25 | 2.48
2.6 | 4.02
1.25 | 1.79
1.25 | 3.21
1.3 | 1.44
0 | 2
2.4 | 3.42
1.2 | 1.68
2.6 | 3.85
1.2 | 2.03
1.25 | 1.46
1.25 | 1.4
0 | 0.71
2.6 | 3.55
2.4 | 3.12
1.25 | 2.19
0 | 0.786
1.3 | 1.32
2.6 | 3.78
1.3 | 2.11
2.4 | 2.75
2.5 | 3.28
0 | 0.965
2.5 | 3.75
1.25 | 2.73
1.3 | 2.43
0 | 0.335
2.4 | 3.18
2.6 | 2.93
3.9 | 4.25
1.25 | 1.77
1.3 | 1.7
1.25 | 1.98
1.15 | 1.51
2.5 | 3.14
2.5 | 3.74
0 | 1.31
1.2 | 2.83
2.5 | 3.81
2.3 | 2.62
0 | 0.487
0 | 0.728
0 | 3.54
1.2 | 2.4
1.3 | 2.85
0 | 0.358
0 | 0.841
1.3 | 3.29
1.3 | 2.3
1.25 | 3.16
1.25 | 2
1.25 | 1.84
1.25 | 1.97
0 | 1.02
2.6 | 5.06
3.9 | 4.58
0 | 1.16
1.3 | 1.67
0 | 0.505
1.2 | 1.82
2.5 | 2.96
1.3 | 4.26
1.25 | 1.88
2.4 | 3.47
2.5 | 3.33
1.3 | 1.86
2.4 | 3.38
1.25 | 1.9
0 | 1.52
0 | 1.9
2.55 | 3.81
1.3 | 1.48
1.3 | 1.39
1.3 | 2.43
1.25 | 4.37
0 | 1.81
1.3 | 1.54
1.25 | 2.43
2.6 | 3.86
2.6 | 3.31
3.9 | 4.21
2.3 | 3.49
1.3 | 2.02
0 | 1.34
3.75 | 4.23
0 | 1.85
1.3 | 3.28
3.9 | 4.74
2.6 | 3.97
1.25 | 3.35
0 | 1.33
2.5 | 3.1
1.25 | 1.72
0 | 1.16
2.5 | 2.86
2.6 | 3.48
2.5 | 3.66
0 | 1.33
2.5 | 3.53
3.75 | 4.36
0 | 1.15
0 | 1.23
0 | 1.19
1.3 | 2.37
1.25 | 2.21
1.25 | 1.85
1.3 | 3.65
1.25 | 2.24
1.25 | 2.54
0 | 1.34
0 | 1.69
1.15 | 3.03
1.2 | 2.94
1.25 | 2.33
3.9 | 4.29
1.3 | 2.1
1.25 | 2.68
2.3 | 3.1
1.25 | 2.69
3.9 | 4.09
2.55 | 4.57
0 | 1.06
1.2 | 1.9
1.25 | 2.44
2.5 | 3.84
1.25 | 2.88
1.25 | 2.02
2.6 | 3.89
2.4 | 3.09
2.5 | 3.52
1.25 | 1.56
0 | 0.695
0 | 0.365
3.45 | 4.05
1.2 | 2.05
1.25 | 1.86
1.25 | 2.15
0 | 1.12
0 | 1.58
3.75 | 4.42
1.3 | 2.18
0 | 1.62
0 | 0.587
0 | 1.15
2.4 | 2.81
0 | 1.23
3.9 | 4.77
2.3 | 3.54
3.9 | 4.31
1.3 | 2.31
2.5 | 3.73
2.5 | 2.8
1.3 | 3.29
2.5 | 4.16
0 | 1.54
1.3 | 2.29
2.5 | 2.94
1.25 | 1.9
2.6 | 3.15
0 | 1.19
2.5 | 3.08
2.4 | 3.23
1.2 | 2.04
2.4 | 3.51
2.4 | 3.38
1.2 | 2.06
1.25 | 2.94
2.6 | 4.32
0 | 0.465
1.3 | 1.45
1.25 | 3.5
1.15 | 2.58
1.3 | 2.18
0 | 1.15
1.3 | 2.35
1.2 | 1.45
3.9 | 3.93
2.5 | 2.75
2.5 | 3.75
1.3 | 2.53
1.3 | 2.31
1.2 | 3.9
0 | 1.4
1.3 | 1.96
1.3 | 1.56
2.5 | 3.7
0 | 1.27
1.3 | 2.95
2.5 | 3.47
1.2 | 1.44
2.6 | 3.28
1.3 | 1.73
2.5 | 3.39
1.3 | 1.8
2.35 | 3.57
2.5 | 2.54
0 | 1.44
1.25 | 2.25
0 | 0.593
0 | 1.52
1.2 | 2.09
1.2 | 1.61
0 | 2.17
1.25 | 2.48
0 | 0.969
3.9 | 4.57
1.3 | 3.66
1.3 | 1.88
2.6 | 3.43
1.25 | 1.5
0 | 1.67
2.4 | 3.67
2.5 | 3.19
2.6 | 3.47
3.9 | 3.99
0 | 1.06
2.6 | 3.41
1.25 | 1.99
3.9 | 4.67
1.2 | 2.15
0 | 1.4
2.6 | 3.78
2.6 | 3.75
0 | 2.36
1.25 | 1.63
1.2 | 2.38
1.3 | 2.48
2.6 | 3.14
0 | 1.01
0 | 0.36
1.15 | 2.25
0 | 1.99
1.3 | 2.05
2.6 | 2.91
1.25 | 1.78
2.6 | 2.96
2.5 | 3.6
0 | 0.81
0 | 0.462
2.6 | 2.7
0 | 1.18
3.75 | 3.77
1.3 | 1.69
2.4 | 3.15
1.2 | 2.16
2.5 | 3.19
2.5 | 3.09
3.75 | 4.2
1.25 | 3.07
0 | 1.86
1.25 | 3.27
2.6 | 3.16
0 | 1.25
1.2 | 3.02
1.25 | 2.19
1.25 | 1.83
1.25 | 1.94
2.6 | 3.18
2.6 | 3.9
2.6 | 3.5
1.3 | 2.32
3.9 | 4.1
2.4 | 3.11
0 | 0.354
2.4 | 2.8
0 | 0.811
1.25 | 2.3
3.6 | 3.95
1.25 | 2.69
1.25 | 2.09
0 | 1.03
0 | 0.977
0 | 1.93
0 | 0.487
2.4 | 3.37
2.6 | 3.89
2.4 | 3.82
2.5 | 4.05
1.15 | 1.88
1.3 | 2.05
2.5 | 4.01
3.6 | 4.44
1.3 | 1.6
1.3 | 2.2
1.3 | 1.94
1.3 | 1.6
1.2 | 1.55
1.3 | 2.36
2.3 | 2.48
1.25 | 1.97
1.2 | 2.62
1.2 | 1.35
1.25 | 1.31
1.3 | 2.06
2.4 | 2.58
0 | 1.42
2.5 | 4.4
0 | 0.532
2.6 | 3.16
2.6 | 4.08
3.75 | 4.25
2.3 | 2.95
2.5 | 3.35
2.6 | 3.38
2.55 | 3.25
2.5 | 3.7
1.25 | 1.83
0 | 0.706
0 | 0.909
0 | 1.14
1.25 | 2.62
0 | 0.961
1.25 | 2.33
2.5 | 3.47
0 | 1.84
0 | 0.566
2.3 | 3.89
2.5 | 2.88
3.9 | 4.6
0 | 2.24
2.6 | 3.62
1.25 | 2.1
1.3 | 1.49
3.9 | 4.73
1.3 | 1.82
1.2 | 2.25
1.25 | 1.65
0 | 0.901
2.55 | 3.46
1.25 | 3.94
1.15 | 2.55
0 | 0.819
3.75 | 3.93
2.6 | 4.31
1.3 | 1.48
2.4 | 3.11
1.3 | 1.59
1.25 | 2.47
2.6 | 3.78
1.3 | 3.62
2.6 | 4.23
2.6 | 2.95
0 | 0.796
2.5 | 2.58
2.4 | 3.57
2.6 | 3.07
2.6 | 3.23
2.4 | 2.8
1.25 | 1.86
0 | 0.364
3.75 | 4.93
0 | 1.87
2.6 | 3.79
0 | 0.971
0 | 1.4
2.4 | 3.04
1.25 | 2.32
1.2 | 2.27
2.4 | 4.57
2.6 | 3.26
0 | 1.03
1.25 | 1.93
1.25 | 2.19
0 | 1.09
2.6 | 3.54
2.5 | 2.52
0 | 1.47
0 | 0.215
0 | 1.02
0 | 0.981
3.75 | 4.18
0 | 1.31
3.75 | 3.98
1.25 | 2.53
0 | 0.843
2.5 | 2.9
1.25 | 1.93
0 | 2.92
1.2 | 1.96
2.5 | 2.53
1.25 | 1.63
0 | 0.893
2.6 | 2.72
1.25 | 1.74
2.6 | 4.44
1.25 | 1.79
3.75 | 4.23
2.6 | 2.84
2.4 | 3.38
3.75 | 4.35
0 | 1.39
0 | 0.226
2.4 | 3.31
2.5 | 4.49
2.5 | 4.13
3.75 | 4.27
0 | 0.481
2.5 | 3.16
1.3 | 3.04
0 | 1.12
1.2 | 2.34
1.3 | 1.86
2.6 | 3.38
2.6 | 3.61
0 | 1.13
1.25 | 3.76
1.25 | 1.88
1.2 | 2.53
1.3 | 2.42
2.6 | 3.78
1.3 | 2.25
1.3 | 2.2
2.6 | 3.71
0 | 1.98
2.5 | 2.66
0 | 2.67
0 | 0.769
1.3 | 3.02
1.3 | 1.46
1.25 | 1.54
1.3 | 2.02
2.6 | 3.16
1.3 | 2.13
2.4 | 4.03
1.25 | 2.32
3.45 | 3.75
1.25 | 2.82
1.25 | 3.5
0 | 1.2
1.25 | 1.39
3.75 | 4.74
0 | 1.56
1.2 | 1.48
0 | 1.79
2.6 | 3.37
2.5 | 4.92
1.2 | 1.58
2.5 | 2.83
1.15 | 2.64
1.25 | 1.9
1.3 | 2.32
1.25 | 1.39
0 | 1.39
0 | 0.366
1.3 | 1.71
3.75 | 4.93
1.25 | 1.27
3.9 | 4.77
1.25 | 1.81
1.3 | 3.28
3.75 | 4.32
3.75 | 4.57
1.3 | 2.41
2.45 | 4.11
1.25 | 3.88
1.25 | 1.97
1.25 | 2.23
1.2 | 2.75
1.2 | 1.7
2.6 | 3.35
3.9 | 4.86
2.5 | 4.05
1.2 | 1.32
0 | 1.66
2.5 | 4.08
1.25 | 1.91
2.6 | 3.89
2.6 | 3.57
0 | 1.46
2.5 | 3.78
0 | 1.97
0 | 0.354
2.5 | 3.66
0 | 0.838
2.5 | 2.69
0 | 2.11
2.6 | 2.71
1.3 | 2.33
0 | 1.66
2.6 | 3.9
0 | 2.8
1.3 | 2.47
1.2 | 2.22
1.25 | 2.45
1.3 | 2.36
1.2 | 2.2
1.3 | 3.51
1.25 | 1.75
3.75 | 4.16
1.3 | 1.98
2.6 | 3.17
1.2 | 2.24
2.6 | 4.25
0 | 2.53
2.6 | 2.69
0 | 0.967
0 | 0.718
3.9 | 4.38
2.5 | 3.23
1.2 | 1.35
1.25 | 1.27
1.3 | 1.45
1.3 | 2.94
1.25 | 3.03
1.3 | 1.47
1.3 | 2.81
1.25 | 2.21
2.6 | 4
1.3 | 2.48
3.75 | 4.43
1.3 | 1.92
2.4 | 4.14
0 | 1.32
1.2 | 3.24
0 | 1.22
2.6 | 3.49
1.25 | 2.21
0 | 1.05
1.25 | 2.46
1.2 | 2.78
1.25 | 3.51
2.5 | 3.75
1.3 | 2.79
0 | 1.06
1.3 | 2.4
0 | 2.69
0 | 2.71
1.25 | 2.31
2.6 | 3.78
0 | 0.806
1.3 | 1.7
3.75 | 4.04
3.75 | 4.21
1.3 | 1.8
1.25 | 3.04
1.25 | 1.63
1.3 | 1.81
1.2 | 2.11
1.25 | 1.89
2.6 | 3.53
1.25 | 3.02
1.3 | 1.59
0 | 1.58
1.25 | 2.43
0 | 1.02
1.3 | 3.02
2.6 | 3.79
2.6 | 2.8
0 | 0.483
2.6 | 3.4
1.25 | 1.52
2.6 | 3.86
3.6 | 3.81
1.3 | 2.71
1.25 | 1.72
0 | 1.01
0 | 0.933
0 | 1.37
2.6 | 3.6
1.3 | 1.93
1.2 | 2.13
1.2 | 2.89
3.75 | 4.41
2.6 | 3.98
1.3 | 2.58
1.3 | 2.5
1.2 | 1.83
1.25 | 1.84
0 | 1.19
0 | 0.344
0 | 1.36
2.5 | 3.84
1.2 | 2.16
1.25 | 2.43
1.3 | 3.98
0 | 2.78
0 | 1.04
0 | 1.79
1.3 | 2.74
2.5 | 3.26
1.2 | 3.03
2.6 | 3.44
1.3 | 2.09
0 | 1.07
1.25 | 2.19
2.6 | 4.31
2.6 | 3.35
1.3 | 2.19
0 | 2.57
2.6 | 4.28
1.25 | 2.88
2.5 | 3.53
1.25 | 3.27
0 | 1.33
2.5 | 3.4
2.6 | 3.72
1.3 | 2.99
2.6 | 3.87
0 | 0.585
2.5 | 4.16
0 | 1.45
2.6 | 3.84
0 | 1.38
0 | 1.84
1.2 | 2.24
1.25 | 3.14
2.6 | 2.68
2.4 | 3.76
2.6 | 3.04
1.25 | 2.63
2.5 | 3.04
1.25 | 2.28
2.5 | 2.65
3.75 | 4.75
1.3 | 2.6
0 | 0.334
2.35 | 3.34
0 | 1.24
0 | 1.24
2.6 | 2.94
0 | 1.41
2.5 | 3.35
0 | 1.35
0 | 1.28
1.25 | 1.91
2.6 | 3.23
2.6 | 3.43
3.45 | 3.81
1.3 | 2.34
1.2 | 2.36
0 | 1.06
1.2 | 2.12
2.6 | 3.59
2.5 | 3.96
1.25 | 1.62
0 | 0.785
3.9 | 3.99
2.6 | 3.82
1.3 | 3.65
2.4 | 2.59
2.6 | 3.85
2.25 | 2.95
1.3 | 2.19
1.2 | 1.46
0 | 1.82
0 | 1.15
0 | 1.68
2.5 | 3.14
1.25 | 2.65
1.2 | 2.56
1.3 | 1.93
0 | 0.962
2.6 | 3.3
2.4 | 3.17
0 | 1.83
0 | 1.58
2.5 | 2.71
2.5 | 3.07
1.25 | 2.78
2.6 | 3.88
2.6 | 3.75
0 | 0.776
2.5 | 2.74
1.2 | 2.17
2.5 | 2.55
3.9 | 4
2.6 | 2.86
1.25 | 1.34
1.2 | 1.67
1.25 | 2.41
1.25 | 3.28
0 | 0.231
1.25 | 2.22
1.2 | 3.07
0 | 0.817
2.5 | 3.08
1.25 | 2.26
1.25 | 1.86
2.5 | 3.61
1.3 | 2.47
1.3 | 2.37
1.25 | 1.29
2.6 | 3.86
1.3 | 2
3.6 | 3.92
2.4 | 3.79
2.5 | 2.85
2.6 | 3.64
2.6 | 2.8
1.3 | 2.38
1.3 | 2.09
1.3 | 3.04
2.5 | 3.32
3.75 | 4.03
1.25 | 2.37
0 | 1.17
1.25 | 2.94
2.5 | 3.25
1.3 | 1.79
1.3 | 2.66
2.3 | 2.99
2.5 | 3.31
1.3 | 1.43
2.6 | 3.83
1.25 | 1.74
1.3 | 2.72
2.6 | 3.67
0 | 1.15
0 | 1.75
3.6 | 4.64
3.9 | 4.52
2.4 | 2.82
1.3 | 2.33
1.3 | 1.77
3.75 | 4.66
1.3 | 3.16
1.2 | 3.03
1.25 | 2.05
0 | 1.26
0 | 0.788
2.5 | 3.11
2.5 | 4.62
1.3 | 2
2.6 | 3.96
1.25 | 1.79
3.9 | 4.36
2.6 | 4.13
3.75 | 4.28
0 | 0.349
1.3 | 2.34
2.5 | 3.5
2.3 | 2.56
3.75 | 4.03
2.5 | 3.19
2.5 | 3.51
2.6 | 2.83
0 | 1.08
1.25 | 1.62
1.25 | 3.04
1.2 | 2.41
0 | 0.958
1.25 | 2.56
1.25 | 2.37
2.6 | 3.25
1.25 | 1.73
2.4 | 2.59
0 | 1.04
3.9 | 4.55
3.9 | 4.87
2.5 | 3.63
2.6 | 3.7
1.3 | 1.42
0 | 0.465
2.6 | 2.82
1.3 | 1.69
1.3 | 1.68
3.9 | 4.5
1.3 | 2.14
1.2 | 2.31
1.15 | 2.63
1.2 | 3.07
1.25 | 1.85
0 | 0.604
2.3 | 3.5
0 | 1.55
1.25 | 2.35
1.25 | 4.17
2.5 | 3.06
0 | 1.07
3.6 | 3.79
1.3 | 3.07
2.6 | 3.44
2.5 | 3.76
1.3 | 2.09
0 | 1.64
0 | 0.559
0 | 1.44
1.3 | 2.17
1.25 | 2.74
3.9 | 4.34
0 | 1.53
1.25 | 1.5
3.75 | 4.47
0 | 1.19
0 | 1.1
2.6 | 3.82
0 | 1.21
0 | 1.54
3.75 | 4.29
2.45 | 4.55
0 | 1.46
1.25 | 3.31
1.25 | 2.45
2.5 | 3.48
1.25 | 1.26
1.3 | 1.86
1.3 | 2.99
1.25 | 2.56
0 | 0.593
0 | 1.68
2.6 | 3.99
1.3 | 1.43
2.5 | 4.01
2.5 | 3.6
3.9 | 4.01
0 | 1.92
1.3 | 1.75
1.3 | 1.64
1.3 | 2.02
3.9 | 4.38
1.25 | 2.84
2.6 | 3.52
1.25 | 2.04
1.3 | 2.56
1.25 | 1.34
1.25 | 3.62
1.25 | 1.91
1.2 | 2
1.3 | 1.44
1.3 | 2.25
1.3 | 1.78
1.2 | 3.77
0 | 2.23
1.25 | 2.43
2.6 | 3.98
0 | 1.11
1.3 | 2.02
1.3 | 1.9
1.2 | 3.66
0 | 1.42
1.3 | 2.26
1.2 | 2.25
2.5 | 3.19
1.25 | 2.28
1.2 | 1.73
1.3 | 3.33
1.2 | 3.19
1.3 | 1.57
1.2 | 3.44
1.25 | 2.1
2.3 | 3.11
1.2 | 2.19
0 | 0.825
2.5 | 3.12
2.6 | 2.92
2.5 | 4.2
1.3 | 2.53
2.6 | 3.13
1.3 | 3.02
2.6 | 4.08
1.25 | 1.97
2.5 | 3.73
0 | 0.898
0 | 0.563
1.3 | 1.58
0 | 1.76
2.3 | 3.05
2.5 | 3.85
0 | 2.06
2.5 | 3.99
2.5 | 2.9
2.2 | 2.81
1.25 | 1.69
1.25 | 2.81
0 | 0.567
0 | 1.29
1.25 | 2.03
0 | 1.31
1.2 | 2.92
2.5 | 3.32
3.9 | 4.18
0 | 1.92
1.25 | 1.92
1.3 | 2.62
2.5 | 2.79
0 | 1.67
2.4 | 2.88
2.6 | 3.04
2.4 | 3.22
1.25 | 1.61
2.6 | 2.92
1.3 | 2.98
2.6 | 3.95
2.6 | 3.51
0 | 0.762
1.3 | 2.25
3.6 | 3.7
1.3 | 2.58
2.3 | 2.99
0 | 1.32
0 | 1.51
1.25 | 1.89
1.25 | 2.06
1.2 | 2.94
3.6 | 3.99
3.9 | 4.67
3.9 | 4.31
1.3 | 1.33
1.2 | 2.59
1.3 | 2.29
0 | 1.43
1.2 | 1.8
1.2 | 2.27
1.25 | 1.7
0 | 2.31
1.3 | 2.45
1.3 | 2.39
1.2 | 1.62
0 | 2.3
0 | 0.996
1.3 | 2.34
1.15 | 2.09
2.5 | 3.51
1.15 | 2.21
0 | 1.44
1.15 | 2.26
2.4 | 3.01
0 | 0.93
1.3 | 2.28
2.6 | 2.62
1.2 | 2.36
3.75 | 4.21
1.25 | 1.87
1.3 | 2.18
1.2 | 1.44
1.25 | 2.1
2.6 | 3.69
1.3 | 1.64
1.3 | 2.55
3.75 | 4.21
1.3 | 2.5
1.3 | 2.25
1.25 | 2.94
0 | 0.664
2.5 | 2.67
1.25 | 3.72
2.5 | 3.15
2.5 | 3.68
0 | 0.952
2.6 | 3.29
0 | 0.458
3.75 | 4.38
1.25 | 2.07
3.75 | 3.94
2.6 | 2.91
1.3 | 2.31
1.25 | 2.93
1.25 | 2.31
1.2 | 1.33
1.3 | 2
1.15 | 2.12
1.15 | 3.16
0 | 0.906
0 | 2.23
0 | 0.669
1.2 | 2.49
1.3 | 1.63
1.25 | 2.16
1.3 | 3.05
3.9 | 4.25
0 | 1.03
1.3 | 1.71
1.2 | 1.79
2.6 | 3.37
1.3 | 2.06
0 | 0.843
2.5 | 3.41
1.25 | 1.81
2.4 | 3.03
1.25 | 2.21
2.2 | 3.38
0 | 1.22
2.5 | 2.93
1.2 | 3.95
0 | 0.562
2.5 | 3.37
2.4 | 3.62
1.25 | 2.69
2.6 | 3.05
2.6 | 3.24
1.3 | 1.91
1.3 | 2.53
1.3 | 2.34
0 | 1.01
0 | 2.21
2.5 | 3.87
2.4 | 3.37
1.25 | 1.64
1.25 | 3.11
1.25 | 1.71
2.6 | 3.55
2.5 | 2.58
1.3 | 1.79
1.3 | 1.81
1.25 | 1.5
1.3 | 3.14
1.3 | 2.65
0 | 0.459
1.25 | 2.64
0 | 0.228
1.3 | 3.79
0 | 0.936
2.5 | 2.66
2.4 | 3.59
1.25 | 2.59
3.9 | 4.59
2.6 | 3.63
2.5 | 3.14
1.2 | 1.4
1.25 | 1.81
1.3 | 1.55
1.25 | 2.25
1.3 | 2.37
1.15 | 3.43
2.4 | 3.21
0 | 1.12
3.75 | 4.34
2.5 | 3.69
1.25 | 1.84
0 | 1.46
2.6 | 2.8
0 | 2.36
2.5 | 3.04
1.3 | 2.83
0 | 1.76
0 | 2
2.4 | 3.49
1.3 | 1.97
2.4 | 3.1
1.25 | 2.06
2.55 | 4.05
0 | 2.31
1.3 | 2.39
0 | 1.06
0 | 1.54
2.5 | 3.05
1.3 | 1.78
0 | 2.51
1.25 | 2.99
0 | 0.89
0 | 1.29
0 | 1.05
3.75 | 4.02
1.25 | 2.22
2.6 | 3.86
2.6 | 2.87
2.4 | 3.82
1.25 | 2.81
1.25 | 2.92
2.4 | 2.82
1.25 | 1.4
0 | 1.51
1.25 | 2.15
0 | 1.3
0 | 0.561
3.85 | 4.23
3.9 | 4.39
1.1 | 2.8
1.2 | 2.02
1.2 | 2.1
1.25 | 1.69
1.25 | 1.61
0 | 0.358
1.3 | 2.67
3.75 | 3.83
0 | 0.361
1.3 | 2.45
1.25 | 3.6
1.2 | 1.45
0 | 0.822
0 | 1.16
0 | 1.83
2.6 | 3.51
2.5 | 2.77
0 | 0.581
1.25 | 1.94
2.6 | 4.53
2.6 | 2.92
3.9 | 4.81
0 | 0.897
1.3 | 1.76
1.25 | 3.5
0 | 1.13
2.4 | 3.72
3.75 | 4.28
3.75 | 4.07
2.5 | 3.51
2.6 | 2.82
1.25 | 2.82
1.3 | 3.4
2.5 | 2.71
0 | 0.799
1.25 | 2.38
1.3 | 1.4
2.5 | 3.71
0 | 0.438
2.4 | 2.96
0 | 1.31
2.4 | 3.03
1.25 | 3.22
0 | 1.69
2.6 | 3.15
1.25 | 2.09
2.6 | 3.77
1.3 | 2.57
1.25 | 2.93
3.9 | 4.53
1.25 | 3.37
0 | 0.837
0 | 1.83
0 | 1.56
3.9 | 4.17
2.6 | 2.74
1.15 | 2.04
0 | 1.8
1.3 | 2.1
0 | 1.19
0 | 1.2
1.2 | 2.23
1.25 | 2.6
2.6 | 3.77
2.5 | 3.02
0 | 0.464
2.4 | 4.37
0 | 1.2
1.3 | 2.35
2.5 | 4.58
2.4 | 2.82
3.75 | 4.73
1.2 | 1.78
1.3 | 1.88
1.3 | 1.64
2.4 | 2.66
2.5 | 2.67
2.6 | 3.28
1.25 | 3.04
1.25 | 2.28
1.25 | 2.22
2.5 | 3.97
2.4 | 3.76
0 | 1.17
1.2 | 2.87
2.6 | 2.91
0 | 1.02
2.6 | 4.94
0 | 0.58
2.5 | 3.65
2.6 | 4.22
2.3 | 3.74
2.5 | 2.96
2.5 | 2.58
0 | 0.965
0 | 1.12
3.75 | 4.41
1.3 | 4.36
2.4 | 3.36
2.55 | 4.06
0 | 1.56
1.2 | 1.34
2.6 | 3.71
2.4 | 3.68
3.75 | 3.81
1.25 | 1.96
1.25 | 2.09
0 | 1.35
2.5 | 3.51
0 | 0.96
1.25 | 1.85
1.2 | 2.5
2.5 | 3.61
0 | 1.02
0 | 1.65
0 | 1.91
0 | 1.56
1.25 | 2.87
2.5 | 3.42
2.6 | 3.5
2.5 | 4.02
1.25 | 2.37
1.25 | 1.72
2.4 | 2.91
2.6 | 3.62
1.2 | 2.93
0 | 1.15
0 | 2.04
0 | 1.29
2.6 | 4.21
1.3 | 1.98
1.3 | 2.68
1.3 | 3.79
0 | 2.62
1.25 | 3.09
2.6 | 2.85
1.3 | 1.86
0 | 0.973
1.25 | 2.62
0 | 0.677
0 | 0.961
1.25 | 1.82
2.5 | 2.94
1.3 | 1.58
0 | 0.233
1.25 | 3.04
2.5 | 3.08
0 | 0.888
3.9 | 4.31
1.2 | 1.97
1.2 | 1.76
3.9 | 4.31
0 | 0.65
0 | 1.38
1.3 | 2.14
0 | 1.16
2.5 | 3.03
3.75 | 3.8
1.3 | 2.05
0 | 1.97
1.3 | 2.16
1.25 | 2.35
3.75 | 3.82
2.5 | 3.41
3.75 | 3.77
1.1 | 2.22
3.75 | 4.51
1.25 | 1.66
2.5 | 2.86
1.25 | 2.61
1.25 | 2.44
0 | 1.33
1.3 | 1.91
2.5 | 3.8
0 | 2.1
0 | 0.917
2.5 | 3.38
1.3 | 2.18
2.5 | 2.58
3.9 | 4.47
0 | 0.99
1.3 | 2.02
2.5 | 3.67
1.25 | 2.78
2.4 | 3.42
1.3 | 1.53
1.25 | 1.64
0 | 0.928
0 | 1.3
2.6 | 2.68
0 | 0.801
1.25 | 2.88
1.2 | 3.12
2.6 | 2.82
0 | 0.818
3.6 | 3.7
1.25 | 3.49
0 | 0.97
1.2 | 1.9
1.2 | 2.12
0 | 0.828
2.6 | 3.86
0 | 0.449
1.2 | 2.17
1.25 | 3.24
2.5 | 3.49
2.5 | 2.77
1.25 | 2.73
2.6 | 3.9
1.3 | 1.53
0 | 1.27
1.3 | 1.58
1.15 | 1.27
1.3 | 2.07
1.25 | 1.43
2.6 | 3.47
3.75 | 3.99
1.2 | 1.42
2.6 | 3.67
1.25 | 1.59
0 | 0.813
2.6 | 3.43
2.5 | 3.12
2.6 | 2.99
2.6 | 3.27
1.25 | 3
2.6 | 3.5
2.6 | 3.5
0 | 1.04
2.4 | 3.31
0 | 0.791
2.6 | 3.89
1.25 | 2.81
2.5 | 3.34
2.5 | 3
0 | 2.37
2.5 | 3.84
3.9 | 4.47
0 | 1.28
2.4 | 3.45
1.3 | 1.46
1.25 | 1.41
1.3 | 3.73
1.3 | 1.53
3.6 | 4.4
3.75 | 3.91
2.5 | 4.18
1.25 | 1.97
0 | 1.48
0 | 1.17
1.3 | 2.73
0 | 1.01
0 | 1.34
1.3 | 2.61
1.2 | 1.38
1.25 | 2.11
0 | 0.714
2.6 | 3.56
1.3 | 3.14
1.25 | 1.93
1.25 | 3.05
0 | 0.932
1.25 | 2.78
2.4 | 3.43
1.25 | 1.35
1.3 | 3.14
1.25 | 2.1
2.5 | 3.73
2.5 | 4.57
2.5 | 3.32
3.9 | 4.12
1.3 | 1.89
1.3 | 2.15
1.25 | 2.86
1.3 | 1.99
0 | 0.471
2.5 | 3.32
0 | 1.15
1.25 | 2.11
1.25 | 1.98
3.75 | 4.25
1.25 | 2.43
0 | 1.62
1.25 | 2.21
1.2 | 2.48
1.2 | 1.97
1.25 | 1.69
0 | 0.336
1.3 | 2.75
0 | 1.56
2.5 | 3.69
3.6 | 4.41
2.6 | 3.73
1.3 | 1.39
1.3 | 2.08
1.2 | 3.81
0 | 1.34
0 | 1.31
0 | 0.904
2.4 | 3.1
2.5 | 4.02
1.3 | 3.01
0 | 0.573
0 | 1.14
2.6 | 2.99
2.6 | 2.86
0 | 1.59
0 | 1.58
1.3 | 1.85
1.2 | 2.71
2.5 | 3.23
1.2 | 1.33
2.4 | 3.43
1.25 | 2.92
0 | 1.03
0 | 1.26
1.25 | 2.21
2.6 | 2.76
1.25 | 3.11
2.6 | 3.26
1.25 | 3.74
1.3 | 3.48
0 | 0.7
2.6 | 4.73
0 | 2.15
0 | 0.652
1.2 | 2.28
2.2 | 3.24
2.5 | 2.82
2.5 | 3.45
1.3 | 2.5
0 | 0.984
2.4 | 3.54
1.3 | 2.28
1.3 | 2.59
2.6 | 2.86
2.35 | 4.2
1.2 | 1.42
0 | 0.571
2.35 | 2.76
2.4 | 2.94
1.3 | 1.49
0 | 0.831
2.4 | 3.16
1.25 | 3.22
1.2 | 2.13
2.5 | 3.35
0 | 1.03
1.25 | 2.69
1.25 | 1.9
2.5 | 3.57
2.6 | 4.27
2.4 | 3.4
0 | 1.7
1.3 | 2.36
2.5 | 2.93
0 | 0.941
2.5 | 3.45
1.25 | 2.84
2.5 | 3
1.25 | 2.22
2.6 | 4.05
1.25 | 1.35
1.25 | 2.05
1.3 | 2.96
1.25 | 2.22
0 | 1.15
0 | 2.01
1.25 | 2.38
0 | 2.21
1.2 | 1.94
2.6 | 3.34
1.2 | 2.33
2.6 | 2.68
1.25 | 2.54
1.3 | 2.65
1.25 | 3.65
1.25 | 1.73
1.3 | 2.6
1.25 | 3.07
0 | 1.1
1.3 | 2.19
0 | 0.906
1.3 | 1.75
2.5 | 3.32
0 | 1.06
3.9 | 4.44
0 | 1.09
1.3 | 1.31
0 | 0.439
0 | 1.07
2.6 | 3.07
1.2 | 3.29
2.6 | 3.15
1.3 | 1.44
2.6 | 2.92
1.25 | 2.26
1.25 | 2.86
1.3 | 1.44
2.5 | 3.21
1.3 | 2.89
0 | 2.21
0 | 0.838
2.5 | 3.56
3.9 | 4.51
2.4 | 2.75
1.25 | 1.26
2.5 | 3.98
0 | 0.885
1.3 | 1.79
1.25 | 2.18
0 | 1.33
0 | 1.74
2.5 | 3.28
0 | 1.36
2.5 | 4.2
1.3 | 2.56
1.3 | 2.31
0 | 0.908
1.25 | 2.24
2.6 | 3.18
1.3 | 2.38
0 | 1.82
0 | 0.807
2.6 | 3.82
1.3 | 2.31
2.6 | 3.92
2.5 | 3.23
2.6 | 3.8
0 | 1.91
0 | 1.55
0 | 1.01
3.6 | 4.31
0 | 0.706
1.3 | 1.89
2.6 | 4.08
2.45 | 3.82
2.5 | 2.56
1.25 | 1.66
1.3 | 2.26
3.9 | 4.48
0 | 1.08
1.25 | 1.82
0 | 0.475
1.2 | 1.77
1.25 | 2.97
1.3 | 1.4
1.25 | 1.84
1.3 | 2.28
2.5 | 3.38
1.3 | 1.8
0 | 1.03
1.25 | 2.29
1.2 | 3.27
1.2 | 2.31
1.3 | 2.39
1.25 | 2.39
0 | 0.571
0 | 1.3
1.3 | 1.88
1.3 | 1.95
2.6 | 2.85
0 | 1.17
2.6 | 2.86
1.2 | 3.6
0 | 0.664
2.4 | 3.63
2.4 | 4.22
1.25 | 2.43
1.25 | 1.72
1.15 | 2.26
0 | 0.566
0 | 1.48
2.6 | 4.47
0 | 1.16
1.3 | 1.79
0 | 1.91
2.6 | 4
1.3 | 2.4
1.2 | 3.08
1.25 | 3.39
2.5 | 3.63
2.3 | 3.4
1.25 | 2.08
1.3 | 2.38
1.25 | 1.94
1.2 | 2.39
1.3 | 1.63
2.6 | 3.89
0 | 0.454
1.25 | 1.59
2.4 | 3.57
0 | 1.23
1.25 | 2.01
1.25 | 2.46
2.5 | 3.23
2.5 | 3.52
1.3 | 2.27
1.25 | 2.44
1.25 | 1.81
2.5 | 3.79
0 | 1.97
2.6 | 3.65
1.2 | 1.74
2.45 | 3.91
1.3 | 3.33
2.5 | 4.22
0 | 1.8
0 | 1.47
2.5 | 2.53
1.25 | 2.62
0 | 0.827
0 | 2.13
1.25 | 1.96
1.2 | 2.21
0 | 0.922
1.2 | 1.83
2.5 | 3.06
0 | 0.892
1.2 | 2.18
2.5 | 3.46
1.3 | 3.59
0 | 1.84
2.4 | 3.81
1.3 | 2.91
1.25 | 1.48
1.25 | 2.69
1.25 | 1.96
0 | 1.27
3.9 | 4.43
2.4 | 3.47
0 | 1.47
2.5 | 3.3
1.25 | 2.41
2.6 | 3.82
1.3 | 1.7
2.6 | 4.05
1.25 | 1.55
1.15 | 1.57
2.5 | 3.74
0 | 1.8
1.3 | 1.89
0 | 1.04
0 | 0.949
2.4 | 3.74
2.6 | 3.57
1.3 | 2.16
0 | 0.685
2.5 | 3.52
1.3 | 2.35
0 | 1.18
1.15 | 1.5
3.6 | 3.77
1.25 | 1.82
1.3 | 1.56
1.3 | 2.08
3.9 | 4.66
1.2 | 1.65
2.6 | 3.24
1.25 | 1.74
1.3 | 1.55
1.3 | 1.66
1.3 | 1.52
1.2 | 2.66
3.9 | 4.43
1.3 | 2.02
2.6 | 3.97
1.25 | 3.96
1.25 | 1.6
0 | 1.4
1.2 | 1.95
1.15 | 1.94
2.3 | 3.67
3.75 | 4.14
1.3 | 2.09
2.6 | 3.55
2.5 | 2.88
1.3 | 2.36
1.15 | 3.48
1.3 | 2.1
1.3 | 1.56
1.25 | 3.54
0 | 0.897
2.3 | 3.14
2.4 | 4.48
1.3 | 3.87
2.6 | 3.44
1.2 | 3.48
0 | 1.29
2.6 | 3.43
1.2 | 2.51
2.4 | 2.71
2.6 | 4.38
1.25 | 2.78
1.2 | 2.43
0 | 0.665
0 | 0.577
2.4 | 2.65
1.2 | 1.8
3.75 | 4.13
1.25 | 1.82
1.2 | 2.1
0 | 1.12
1.25 | 2.99
2.5 | 3.34
2.5 | 3.18
1.25 | 1.74
0 | 1.02
2.5 | 4.45
0 | 0.918
3.6 | 3.91
2.4 | 4.25
1.3 | 2.5
0 | 1.47
3.9 | 4.26
3.75 | 3.83
2.6 | 3.81
0 | 1.18
1.25 | 3.84
2.6 | 3.88
2.5 | 3.37
2.6 | 3.68
1.25 | 2.37
0 | 0.794
0 | 1.38
2.6 | 3.07
1.25 | 1.73
1.25 | 2.89
2.5 | 3.8
2.6 | 4.39
2.3 | 3.58
1.3 | 1.85
1.2 | 1.73
1.25 | 2.41
0 | 1.99
2.5 | 3.32
2.4 | 3.57
1.25 | 2.27
1.25 | 1.57
1.25 | 1.7
2.5 | 3.47
0 | 0.874
1.25 | 1.71
2.6 | 3.68
1.2 | 1.94
0 | 1.38
1.3 | 1.53
2.5 | 3.21
2.5 | 2.73
1.3 | 1.89
3.6 | 4.04
0 | 1.31
2.5 | 3.66
2.5 | 4.34
2.5 | 3.34
0 | 2.24
1.25 | 1.95
0 | 0.838
0 | 3.11
1.3 | 2.5
2.4 | 3.4
0 | 0.967
3.75 | 4.77
2.5 | 2.64
1.25 | 2.44
1.15 | 3.07
0 | 1.24
1.15 | 3.21
3.9 | 4.9
0 | 1.57
0 | 0.679
0 | 1.32
3.9 | 4.37
1.25 | 2.3
2.6 | 3.9
0 | 1.88
1.3 | 1.84
0 | 0.969
0 | 1.54
1.25 | 2.88
2.5 | 2.8
1.3 | 2.07
0 | 1.32
1.2 | 2.61
0 | 0.771
0 | 1.1
3.9 | 4.83
3.9 | 4.47
1.3 | 1.98
1.25 | 1.79
2.4 | 3.36
1.15 | 1.6
1.25 | 2.08
1.25 | 3.24
1.15 | 3.32
2.5 | 3.02
2.4 | 3.59
0 | 1.45
1.3 | 1.76
1.3 | 1.43
3.75 | 4.14
2.5 | 3.35
2.6 | 3.4
2.5 | 3.77
1.25 | 2.36
3.9 | 4.14
0 | 1.75
1.25 | 2.04
1.3 | 1.31
2.4 | 3.14
1.25 | 3.15
2.4 | 2.74
0 | 1.32
1.2 | 2.84
3.75 | 4.42
1.2 | 2.86
2.5 | 2.6
1.25 | 2.66
2.6 | 4.29
2.6 | 3.15
2.6 | 3.32
1.3 | 1.54
1.25 | 2.22
2.5 | 3.76
2.4 | 3.14
1.2 | 2.08
1.25 | 2.29
2.5 | 3.74
2.6 | 3.85
3.75 | 4.52
2.5 | 3.81
1.15 | 2.43
0 | 0.775
1.25 | 3.41
3.75 | 4.56
0 | 2.07
2.5 | 2.77
0 | 1.54
3.6 | 3.78
2.4 | 2.91
0 | 0.944
0 | 1.92
0 | 1.04
2.6 | 3.4
3.9 | 4.28
1.3 | 2.25
1.3 | 2.5
1.3 | 2.1
3.9 | 4.88
1.25 | 2.29
2.6 | 4.02
2.6 | 3.22
2.6 | 2.84
0 | 0.591
3.9 | 4.12
0 | 1.27
0 | 0.944
0 | 1.61
1.3 | 2.47
1.25 | 2.51
0 | 0.773
0 | 1.14
2.5 | 3.9
1.2 | 2.57
1.25 | 2.69
2.5 | 3.64
1.3 | 2.42
1.15 | 1.24
0 | 1.1
2.4 | 3.13
0 | 1.48
1.3 | 3.1
1.25 | 2.1
1.15 | 2.53
2.5 | 3.03
0 | 0.807
1.15 | 3.05
3.9 | 4.48
2.4 | 3.11
1.3 | 1.8
3.9 | 4.6
1.25 | 1.84
1.2 | 1.43
2.6 | 4.05
2.45 | 2.99
1.2 | 1.76
0 | 0.773
0 | 1.56
0 | 0.954
1.25 | 1.7
1.1 | 1.89
3.75 | 4.03
1.3 | 1.8
1.3 | 2.57
2.5 | 3.8
1.3 | 2.12
2.6 | 3.57
0 | 0.852
1.1 | 2.32
1.25 | 2.4
1.3 | 1.65
1.3 | 2.31
2.5 | 3.19
2.4 | 3.43
0 | 1.1
1.3 | 1.68
2.45 | 4.23
0 | 2.07
0 | 1.4
0 | 0.911
1.25 | 2.06
3.75 | 4.42
1.3 | 2.18
1.2 | 3.51
2.3 | 3.71
2.3 | 3.27
2.5 | 4.11
2.6 | 2.84
1.2 | 3.32
2.5 | 3.32
0 | 1.7
2.4 | 3.62
1.3 | 2.6
1.2 | 1.66
2.5 | 3.62
0 | 0.614
1.25 | 2.38
0 | 2.21
0 | 1.07
3.9 | 4.27
1.3 | 1.87
0 | 0.569
2.6 | 2.68
2.4 | 3.44
0 | 1.15
1.3 | 2.6
1.3 | 1.63
2.6 | 3.6
2.55 | 3.97
3.75 | 3.98
2.6 | 2.75
1.25 | 2.1
0 | 2.37
2.6 | 2.9
2.4 | 4.09
2.5 | 4.25
3.9 | 4.28
1.25 | 1.8
1.25 | 1.47
3.8 | 4.88
0 | 0.947
1.25 | 2.49
2.5 | 3.68
2.5 | 3.52
2.5 | 4.43
1.3 | 3.12
0 | 1.67
2.4 | 3.54
0 | 1.24
1.25 | 2.9
2.3 | 2.76
0 | 0.444
1.2 | 2.44
1.25 | 3.03
3.9 | 4.5
1.25 | 2.82
1.2 | 1.96
0 | 1.3
2.3 | 3.26
1.2 | 1.44
0 | 3.03
1.25 | 1.95
0 | 0.459
0 | 1.42
2.6 | 2.93
1.3 | 1.98
2.6 | 3.48
2.4 | 3.76
1.3 | 3.56
0 | 2.1
3.75 | 3.8
1.15 | 1.47
3.9 | 4.55
0 | 1.15
1.3 | 2.16
1.3 | 3.19
1.2 | 2.94
1.3 | 1.75
1.25 | 2.2
2.5 | 4.47
0 | 2.09
1.3 | 1.66
1.25 | 1.91
1.25 | 2.43
2.3 | 3.57
1.25 | 1.99
0 | 1.46
1.3 | 1.41
1.3 | 1.68
0 | 0.806
1.25 | 1.82
2.4 | 3.45
1.25 | 2.98
0 | 1.27
0 | 1.36
0 | 0.575
1.2 | 2.65
1.3 | 1.56
3.75 | 4.38
2.6 | 2.84
1.2 | 2.28
1.2 | 2.26
2.6 | 4.76
2.3 | 3.06
1.25 | 2.65
2.6 | 3.62
0 | 1.01
1.25 | 2.29
0 | 1.18
0 | 1.15
1.1 | 2.27
1.25 | 2.06
1.3 | 1.56
3.9 | 3.93
2.5 | 3.44
1.25 | 1.4
2.4 | 3.06
0 | 0.446
0 | 0.359
3.6 | 3.83
0 | 1.07
1.25 | 1.93
0 | 1.39
0 | 1.02
2.5 | 2.66
3.75 | 4.08
1.3 | 3.6
2.6 | 2.88
2.6 | 4.08
2.6 | 3.95
1.3 | 2.52
3.9 | 4.28
0 | 2.77
1.2 | 3.45
0 | 0.792
1.2 | 2.77
0 | 0.326
1.2 | 1.76
0 | 1.78
1.3 | 3.08
0 | 1.25
1.2 | 1.65
2.4 | 3.05
0 | 1.38
0 | 2.09
0 | 1.15
1.25 | 2.89
0 | 0.801
3.9 | 4.33
1.25 | 2.42
1.3 | 2.04
0 | 0.573
2.5 | 3.62
0 | 0.806
3.6 | 3.93
2.5 | 3.39
0 | 1.45
1.3 | 2.15
1.2 | 1.32
0 | 0.444
2.35 | 3.69
0 | 1.83
0 | 1.68
1.25 | 1.71
2.6 | 4.07
1.25 | 2.07
1.3 | 1.4
1.3 | 2.9
2.4 | 4.11
0 | 0.794
1.3 | 3.09
3.9 | 4.2
2.4 | 3.29
2.3 | 3.55
1.25 | 2.3
1.25 | 1.92
2.6 | 2.64
1.25 | 1.51
1.2 | 2.51
1.3 | 3.15
1.2 | 1.6
1.2 | 1.85
2.6 | 3.59
2.5 | 4.27
1.25 | 1.42
2.4 | 2.98
2.6 | 3.39
0 | 1.26
0 | 1.17
2.3 | 3.43
2.6 | 2.83
0 | 1.59
0 | 0.962
0 | 0.807
2.5 | 3.97
0 | 0.933
1.3 | 1.87
0 | 1.33
2.55 | 3.73
2.4 | 2.66
1.2 | 1.9
1.3 | 2.36
0 | 1.42
2.6 | 3.34
1.3 | 2.37
1.15 | 1.97
1.25 | 1.75
1.25 | 2.62
3.8 | 4.18
1.25 | 2.1
1.3 | 2.48
3.6 | 3.92
0 | 0.541
0 | 2.52
1.25 | 2.56
1.3 | 2.68
1.25 | 1.72
2.6 | 3.72
2.6 | 4.1
2.5 | 3.15
2.5 | 3.54
0 | 2.08
1.3 | 1.42
0 | 1.18
0 | 2.4
2.6 | 3.27
3.9 | 4.36
2.5 | 3
2.6 | 4.12
2.5 | 2.87
2.5 | 3.97
1.3 | 2.99
2.4 | 3.42
0 | 1.19
1.3 | 2.35
1.25 | 1.8
0 | 1.04
1.3 | 1.66
0 | 0.343
2.5 | 2.8
3.9 | 4.89
2.6 | 4.07
1.3 | 2.42
2.5 | 3.99
0 | 2.76
2.5 | 3.33
1.3 | 1.31
1.25 | 2.06
1.25 | 2.44
2.5 | 4.5
0 | 1.75
1.3 | 3.19
0 | 1.14
2.4 | 2.95
2.5 | 2.8
1.3 | 2.57
1.3 | 2.4
0 | 1.2
1.25 | 2.38
0 | 1.47
2.4 | 3.47
2.5 | 3.54
3.75 | 4.15
1.3 | 2.35
1.25 | 3.75
1.2 | 1.9
1.25 | 2.22
2.6 | 3.12
2.6 | 3.59
2.5 | 4.08
3.9 | 4.23
1.1 | 3.12
2.6 | 3.32
1.3 | 1.43
1.25 | 2.61
0 | 1.28
2.4 | 3.3
1.25 | 3.19
2.6 | 3.53
2.5 | 4.53
0 | 1.3
0 | 1.07
2.4 | 2.67
2.4 | 3.55
0 | 1.49
1.3 | 3.03
2.5 | 3.65
2.6 | 3.4
1.25 | 2.56
2.6 | 3.46
1.25 | 2.42
1.3 | 2.36
1.25 | 3.01
2.6 | 3.46
2.5 | 2.85
2.5 | 3.02
0 | 1.28
1.3 | 1.44
2.5 | 2.92
1.15 | 2.12
1.2 | 3.34
2.6 | 3.2
2.6 | 3.12
2.5 | 3.39
2.5 | 2.58
0 | 0.343
1.15 | 2.36
1.25 | 2.85
1.3 | 1.47
2.4 | 3.5
1.3 | 1.68
0 | 1.79
1.3 | 2.09
0 | 1.4
0 | 1.39
1.25 | 2.01
1.3 | 1.39
0 | 1.01
1.2 | 2.67
2.45 | 4
1.25 | 3.8
0 | 1.28
1.2 | 2.05
1.3 | 3.01
1.25 | 2.75
0 | 1.49
0 | 0.803
2.4 | 3.62
3.6 | 3.73
2.5 | 3.14
2.45 | 3.34
1.25 | 3.02
1.25 | 2.23
0 | 2.07
0 | 1.29
1.2 | 3.52
1.3 | 1.62
1.3 | 3.91
2.6 | 3.97
3.9 | 4.01
0 | 0.35
0 | 1.64
1.15 | 3.25
2.5 | 2.89
1.25 | 1.39
1.3 | 4.08
1.25 | 1.98
2.6 | 2.84
2.6 | 3.93
1.3 | 1.83
2.6 | 3.35
0 | 1.1
2.5 | 2.92
0 | 0.449
0 | 1.94
1.2 | 3.01
1.25 | 2.45
2.5 | 3.17
1.25 | 1.88
1.3 | 1.95
2.6 | 4.01
1.25 | 1.54
1.25 | 1.91
1.3 | 2.71
1.3 | 2.92
0 | 1.15
2.6 | 3.39
2.6 | 4.78
0 | 1.04
0 | 2.13
1.15 | 2.68
0 | 1.29
1.15 | 2.99
1.25 | 2.76
1.25 | 1.87
0 | 1.23
2.6 | 4.03
1.3 | 2.07
2.5 | 3.65
3.9 | 4.44
3.9 | 4.74
1.3 | 1.4
1.3 | 2.82
2.5 | 3.54
2.55 | 3.59
3.75 | 4.42
3.75 | 4.04
1.2 | 2.77
0 | 1.17
1.25 | 2.21
1.25 | 2.67
0 | 0.575
3.9 | 4.01
1.25 | 1.94
2.6 | 3.34
2.6 | 3.33
0 | 1.23
1.25 | 3.24
0 | 1.47
1.25 | 3.04
2.4 | 3.45
1.3 | 1.38
2.5 | 3.3
2.5 | 3.21
3.9 | 4.54
3.6 | 4.27
2.5 | 4.12
0 | 1.69
1.1 | 1.97
1.2 | 2.91
0 | 1.45
1.25 | 2.58
0 | 1.46
3.9 | 4.78
0 | 0.939
0 | 1.25
2.6 | 3.85
2.6 | 3.5
1.3 | 2.18
2.6 | 2.98
0 | 1.11
1.25 | 2.29
0 | 1.79
1.3 | 2.42
1.25 | 2.39
0 | 0.892
0 | 1.25
2.6 | 3.4
1.2 | 1.84
1.3 | 2.06
1.25 | 1.5
2.4 | 3.12
1.2 | 2.04
0 | 2.09
0 | 1.39
2.6 | 3.38
1.25 | 1.63
1.25 | 2.47
1.25 | 2.93
1.2 | 2.09
2.6 | 3.27
2.5 | 4.13
1.2 | 2.75
1.3 | 2.43
2.5 | 3.49
1.3 | 2.07
1.3 | 2
0 | 2.1
0 | 1.25
3.75 | 4.02
0 | 0.93
1.3 | 2.45
3.6 | 4.14
1.2 | 2.58
3.9 | 4.65
1.3 | 3.01
3.6 | 4.04
2.6 | 3.62
0 | 0.809
2.5 | 2.53
1.15 | 3.1
3.9 | 4.46
1.25 | 3.45
1.3 | 2.99
1.3 | 3.84
2.5 | 3.86
2.4 | 3.36
0 | 0.464
0 | 1.38
0 | 2.35
0 | 1.19
1.3 | 1.41
1.3 | 2.04
1.3 | 2.77
2.6 | 3.71
1.3 | 2.22
0 | 1.5
0 | 1.1
0 | 0.826
1.3 | 1.68
0 | 1.9
2.4 | 3.55
0 | 1.51
2.5 | 2.57
0 | 1.28
1.3 | 1.56
1.25 | 3.85
1.15 | 1.75
0 | 0.999
1.3 | 2.58
1.3 | 1.84
1.3 | 2.2
2.6 | 3.27
1.25 | 1.54
3.75 | 3.96
1.3 | 2.55
1.25 | 1.43
1.25 | 2.29
1.25 | 1.34
1.3 | 2.41
1.2 | 1.39
1.25 | 1.5
1.25 | 2.58
0 | 0.446
0 | 1.14
2.5 | 3.16
0 | 1.26
1.3 | 2.54
2.5 | 3.15
2.4 | 3.5
0 | 0.898
1.3 | 1.89
2.6 | 2.69
1.25 | 2.02
2.5 | 3.69
2.5 | 3.55
2.5 | 2.98
1.2 | 1.71
0 | 0.35
0 | 1.05
2.5 | 3.3
2.6 | 3.09
1.25 | 2.11
1.15 | 2.86
1.2 | 1.82
1.15 | 3.06
1.3 | 2.07
2.5 | 2.9
1.25 | 1.34
1.3 | 1.84
0 | 1.28
1.2 | 2.56
0 | 0.902
1.25 | 3.23
1.3 | 2.71
0 | 0.908
1.15 | 1.57
1.25 | 2
1.25 | 2.09
2.4 | 3.52
0 | 1.13
2.6 | 3.32
1.25 | 2.37
0 | 2.56
1.25 | 3.21
0 | 0.821
2.5 | 3.43
0 | 0.673
1.2 | 1.44
0 | 2.11
3.9 | 4.46
2.4 | 3.55
2.6 | 2.88
1.2 | 3.01
1.3 | 1.74
0 | 1.22
2.5 | 3.24
1.25 | 3.02
1.3 | 2.53
2.4 | 3.22
1.2 | 1.7
1.3 | 1.74
2.4 | 3.93
2.5 | 4.19
1.25 | 2.33
2.6 | 3.93
2.5 | 3.05
1.2 | 2.65
2.5 | 3.77
1.3 | 1.64
0 | 2.01
0 | 1.07
1.25 | 2.01
2.4 | 3.25
2.5 | 3.2
1.15 | 1.42
1.25 | 2.98
1.3 | 1.63
2.6 | 3.44
1.2 | 2.04
2.3 | 2.67
0 | 1.11
1.3 | 1.92
1.2 | 3.18
1.2 | 2.57
1.25 | 2.82
1.2 | 3.09
1.2 | 2.38
0 | 2.43
2.4 | 3.41
1.25 | 1.46
3.9 | 4.13
0 | 0.906
0 | 1.45
1.25 | 2.24
1.3 | 1.51
1.25 | 2.58
2.5 | 3.24
1.3 | 2.3
3.9 | 4.41
2.6 | 4.26
2.5 | 2.65
0 | 1.75
2.6 | 2.98
1.25 | 2.42
0 | 2.38
2.6 | 4.47
2.6 | 4.32
1.3 | 1.95
0 | 0.614
2.5 | 3.57
1.3 | 2.67
0 | 1.9
1.25 | 3.13
0 | 0.967
2.6 | 2.89
1.25 | 1.85
2.4 | 3.39
2.4 | 4.18
0 | 1.15
1.15 | 2.59
3.9 | 4.29
1.25 | 2.11
1.2 | 3.14
2.3 | 3.97
2.55 | 3.91
0 | 1.22
2.6 | 2.89
1.25 | 1.55
2.55 | 3.39
1.3 | 2.08
0 | 2.06
0 | 0.864
2.5 | 3.29
2.6 | 4.29
1.25 | 1.99
1.25 | 1.54
0 | 1.98
0 | 0.812
1.3 | 2.35
0 | 1.56
2.5 | 4.3
1.3 | 2.09
1.2 | 3.55
1.25 | 1.66
2.6 | 3.1
0 | 1.28
3.75 | 4.12
1.2 | 2.37
2.6 | 3.36
2.6 | 3.85
3.9 | 4.41
0 | 0.986
1.25 | 3.8
0 | 0.697
0 | 1.89
0 | 2.01
1.3 | 2.09
3.75 | 4.02
3.75 | 4.22
0 | 2.23
2.4 | 3.46
0 | 0.447
0 | 0.69
0 | 1.94
2.4 | 3.31
1.3 | 1.99
1.2 | 1.5
2.6 | 3.61
1.25 | 2.92
1.2 | 2.41
1.2 | 2.17
2.5 | 4.17
0 | 0.666
2.6 | 3.6
2.4 | 3.78
2.5 | 2.77
1.15 | 3.05
0 | 1.18
2.6 | 3.65
0 | 1.13
0 | 1
0 | 0.894
0 | 1.13
0 | 1.4
2.6 | 4.15
1.25 | 3.15
0 | 0.817
3.75 | 4.07
1.25 | 1.83
1.3 | 2.08
2.5 | 3.7
3.75 | 4.25
3.75 | 4.17
2.6 | 3.04
1.3 | 3.79
0 | 1.45
3.9 | 3.98
1.25 | 3.67
1.3 | 2.48
2.4 | 2.59
2.6 | 3.09
0 | 1.83
2.4 | 3.02
3.45 | 4.34
1.25 | 1.92
1.25 | 2.65
1.25 | 1.78
3.9 | 4.82
1.2 | 2.24
1.25 | 2.22
1.3 | 1.84
1.2 | 3.08
2.3 | 3.06
2.5 | 3.21
1.3 | 1.84
1.25 | 3.98
0 | 0.814
1.2 | 2.35
1.2 | 2.33
0 | 1.01
0 | 2.55
1.3 | 2.89
0 | 2.02
1.25 | 1.56
1.3 | 1.84
2.6 | 3.85
1.3 | 2.62
1.3 | 1.61
0 | 1.26
0 | 0.558
1.25 | 3.44
1.3 | 1.74
2.6 | 2.76
1.3 | 1.61
0 | 0.67
1.3 | 1.96
3.75 | 3.77
1.15 | 2.79
1.3 | 1.97
1.25 | 2.34
1.3 | 2.54
1.3 | 1.5
2.5 | 3.53
2.6 | 3.34
1.25 | 2.7
2.6 | 2.78
1.15 | 2.07
2.3 | 2.77
1.3 | 1.61
1.2 | 2.32
2.6 | 3.25
1.25 | 2.02
2.5 | 4.48
1.2 | 3.09
0 | 1.26
1.25 | 2.11
1.3 | 1.97
1.2 | 3.96
3.9 | 4.28
1.25 | 1.35
1.3 | 2.57
0 | 1.12
2.5 | 3.43
1.25 | 3.57
1.3 | 1.61
1.3 | 3.78
0 | 0.516
2.5 | 4.58
2.5 | 4.31
1.25 | 1.99
0 | 1.46
1.3 | 1.62
3.45 | 4.15
0 | 1.55
0 | 3.23
2.6 | 3.33
2.5 | 3.22
2.4 | 3.66
1.2 | 1.48
1.2 | 2.79
0 | 1.52
2.5 | 2.87
0 | 0.232
2.5 | 3.07
0 | 1.04
2.6 | 2.86
1.25 | 2.38
1.2 | 1.82
2.6 | 4.11
2.6 | 3.8
1.2 | 2.02
0 | 1.15
1.2 | 2.01
2.6 | 3.38
1.3 | 2.46
2.3 | 4.01
0 | 1.23
0 | 1.04
0 | 0.995
2.6 | 3.48
2.6 | 3.56
2.3 | 2.83
1.25 | 3.54
0 | 1.45
1.3 | 1.74
2.5 | 3.46
2.5 | 2.81
1.3 | 3.23
1.2 | 1.69
3.9 | 4.58
0 | 2.14
2.5 | 3.25
0 | 0.567
1.3 | 1.38
3.7 | 4.08
2.5 | 3.02
1.25 | 2.04
2.6 | 3.44
0 | 0.782
2.6 | 2.72
2.6 | 3.65
2.6 | 3.88
3.9 | 4.59
1.3 | 2.64
0 | 1.56
1.25 | 2.78
2.5 | 4.33
0 | 0.688
2.5 | 2.99
2.4 | 2.67
2.6 | 3.56
1.25 | 1.96
1.2 | 1.72
0 | 1.1
0 | 1.61
2.4 | 2.97
1.25 | 2.21
2.6 | 2.68
0 | 0.534
1.25 | 1.44
0 | 2.26
0 | 2.48
1.15 | 3.17
3.9 | 4.49
1.3 | 2.22
2.4 | 2.68
2.5 | 3.02
2.6 | 4.04
2.6 | 3.74
1.3 | 1.74
1.3 | 2.18
2.6 | 3.66
3.9 | 4.43
1.3 | 1.8
1.25 | 1.9
1.25 | 2.9
2.4 | 4.33
1.25 | 2.42
1.3 | 2.3
1.25 | 2.45
2.6 | 2.91
2.6 | 2.9
1.2 | 1.27
2.5 | 2.92
1.2 | 2
1.3 | 1.86
2.4 | 2.51
1.3 | 1.63
2.6 | 3.11
0 | 1.02
0 | 0.689
1.3 | 2.48
3.75 | 4.4
1.3 | 2
1.25 | 1.69
2.45 | 3.13
1.2 | 2.19
2.6 | 3.41
3.6 | 3.86
1.25 | 1.47
1.2 | 3.77
2.4 | 3.54
1.3 | 1.62
0 | 1.1
1.2 | 1.3
0 | 0.863
0 | 1.55
3.9 | 4.25
3.75 | 4.17
0 | 0.919
2.6 | 3.74
0 | 0.787
1.25 | 1.87
1.25 | 3.01
2.5 | 2.54
1.3 | 1.52
3.9 | 4.45
0 | 0.666
1.15 | 2.79
1.25 | 2.34
2.6 | 3.52
1.25 | 1.55
1.25 | 1.51
1.25 | 2.75
1.25 | 3.34
2.6 | 3.95
2.6 | 3.12
2.5 | 2.75
1.3 | 1.64
0 | 0.819
1.25 | 1.67
1.2 | 2.48
2.3 | 2.8
1.2 | 1.39
2.5 | 4.04
2.6 | 3.94
2.4 | 3.29
1.2 | 2.37
1.1 | 2.91
3.75 | 4.09
2.6 | 2.97
1.2 | 1.82
2.4 | 2.89
2.4 | 2.65
0 | 1.05
2.5 | 3.35
2.5 | 3.56
1.2 | 1.71
0 | 1.17
3.75 | 4.14
1.3 | 2.08
0 | 0.81
2.6 | 3.32
1.3 | 1.8
0 | 1.38
1.3 | 2.01
0 | 1.9
2.6 | 3.16
0 | 0.822
2.5 | 4.37
1.25 | 3.76
0 | 1.21
1.3 | 1.49
1.2 | 2.45
2.4 | 3.29
3.6 | 4.07
0 | 0.897
0 | 1.8
2.3 | 3.67
1.3 | 1.5
1.25 | 1.54
2.3 | 2.96
1.3 | 2.31
1.3 | 2.42
0 | 1.95
1.3 | 1.56
1.3 | 3.36
1.25 | 2.04
1.25 | 2.38
0 | 0.805
1.3 | 2.19
1.2 | 2.13
1.25 | 2.44
2.6 | 3.1
1.25 | 2
2.5 | 3.16
1.2 | 2.14
2.6 | 3.92
2.6 | 3.73
0 | 0.804
1.25 | 1.67
0 | 0.662
2.6 | 3.71
1.3 | 2.1
2.6 | 3.68
1.25 | 1.89
2.55 | 3.84
2.6 | 3.12
2.5 | 3.87
1.25 | 1.45
1.25 | 2.8
2.5 | 3.15
1.3 | 1.39
0 | 2.54
2.5 | 4.14
0 | 0.577
3.6 | 4.14
2.5 | 3.45
3.75 | 3.91
0 | 1.6
0 | 1.28
1.2 | 2.45
3.9 | 4.24
3.75 | 4.53
0 | 1.46
0 | 1.03
1.25 | 1.44
1.2 | 2.46
0 | 2.66
2.5 | 2.85
2.6 | 3.98
0 | 0.448
2.5 | 2.91
1.25 | 2.09
1.3 | 1.91
2.5 | 3.11
1.25 | 1.57
1.25 | 2.63
0 | 1.54
2.5 | 2.77
2.6 | 3.38
1.2 | 1.27
1.3 | 1.41
1.25 | 1.31
2.5 | 3.42
1.25 | 1.99
1.25 | 2.79
3.9 | 3.91
1.25 | 2.46
2.6 | 3.02
1.25 | 2.65
0 | 0.882
2.3 | 2.98
2.5 | 3.53
0 | 0.79
2.6 | 4.49
1.25 | 2.41
1.25 | 3.25
2.5 | 2.66
1.25 | 1.56
2.5 | 3.01
2.4 | 3.32
2.4 | 2.57
2.5 | 3
0 | 1.23
2.4 | 3.45
0 | 1.56
0 | 1.12
0 | 1
1.25 | 2.34
1.25 | 1.66
1.25 | 2.53
3.9 | 4.2
2.4 | 2.81
3.75 | 4.34
1.2 | 3.62
2.4 | 3.06
0 | 1.29
3.9 | 4.05
1.2 | 2.45
1.25 | 1.8
2.4 | 3.62
1.3 | 3.35
1.2 | 2.25
1.2 | 2.65
2.5 | 3.26
0 | 0.68
2.4 | 2.66
1.25 | 1.34
2.4 | 2.75
1.25 | 2.46
0 | 1.25
2.6 | 3.59
1.3 | 2.45
0 | 0.323
0 | 1.43
2.5 | 3.67
2.2 | 3.61
2.45 | 3.72
1.25 | 2.98
1.2 | 2.72
1.25 | 2.15
0 | 2.01
0 | 1.13
1.3 | 2.41
0 | 1.24
1.3 | 2.45
2.5 | 3.15
1.3 | 1.8
1.3 | 2.61
2.6 | 3.22
2.4 | 3.12
1.25 | 1.51
1.3 | 3.33
0 | 0.478
1.25 | 2.9
2.6 | 3.15
0 | 2.23
1.2 | 2.56
1.3 | 1.79
0 | 0.508
2.4 | 3.65
2.5 | 3.65
2.5 | 3.58
1.3 | 1.86
3.75 | 4.15
0 | 1.09
0 | 1.04
0 | 0.664
2.4 | 3.73
1.25 | 2.35
1.25 | 1.87
2.5 | 3.38
1.2 | 2.4
2.4 | 3.19
0 | 0.336
2.45 | 3.97
0 | 1.9
1.25 | 1.45
0 | 2.13
0 | 1.19
1.3 | 1.86
1.2 | 1.56
2.6 | 2.67
0 | 0.444
0 | 1.24
0 | 1.07
1.25 | 2.32
1.3 | 1.64
2.6 | 3.58
1.15 | 2.15
3.9 | 4.19
2.6 | 2.74
3.45 | 4.02
1.2 | 1.96
0 | 0.67
0 | 0.859
2.5 | 3.78
0 | 1.17
0 | 0.938
0 | 1.4
1.25 | 2.53
1.2 | 1.27
0 | 0.646
2.6 | 3.55
0 | 1.8
0 | 1.44
2.5 | 3.33
1.25 | 3.13
2.6 | 3.36
1.25 | 2.48
1.3 | 1.63
1.3 | 2.77
1.3 | 2.22
2.4 | 3.86
0 | 1.68
2.5 | 2.83
1.25 | 1.45
1.3 | 1.41
2.5 | 3.85
0 | 0.851
0 | 0.595
3.9 | 4.52
2.6 | 4.2
0 | 1.58
2.5 | 3.48
2.4 | 3.15
1.25 | 1.99
1.3 | 1.38
2.5 | 3.31
1.25 | 2.86
1.2 | 2.39
1.3 | 2.22
1.25 | 2.45
3.9 | 4.23
2.6 | 3.45
1.3 | 1.61
2.6 | 3.19
2.3 | 3.59
1.3 | 4.2
1.25 | 2.15
2.4 | 2.8
2.4 | 3.08
1.2 | 1.28
2.5 | 3.76
1.25 | 4.26
1.3 | 2.41
1.25 | 2.35
2.5 | 3.28
1.25 | 1.89
1.3 | 1.65
1.25 | 1.88
0 | 1.49
0 | 2.1
1.3 | 2.93
2.6 | 3.71
1.3 | 1.5
1.2 | 2.86
1.2 | 3.85
0 | 1.13
2.5 | 3.46
2.6 | 3.78
0 | 0.891
2.4 | 3.39
1.15 | 3.07
2.5 | 3.7
0 | 1.13
1.2 | 3.1
2.5 | 2.8
0 | 1.23
1.3 | 1.77
0 | 1.19
2.6 | 3.61
0 | 0.905
2.5 | 3.68
2.6 | 3.49
2.5 | 2.69
3.9 | 4.56
0 | 1.71
1.3 | 2.65
1.2 | 2.25
2.6 | 2.67
2.4 | 3.8
0 | 1.35
0 | 1.08
2.5 | 3.03
1.25 | 2.26
2.6 | 3.78
2.4 | 3.43
2.6 | 3.73
0 | 1.15
3.9 | 4.44
1.3 | 2.34
2.5 | 3.14
2.6 | 3.98
2.6 | 3.34
0 | 0.917
3.9 | 4.17
1.2 | 1.42
0 | 0.78
0 | 1.13
2.6 | 4.01
0 | 1.36
0 | 0.55
1.25 | 2.43
0 | 1.1
1.1 | 2.89
2.6 | 2.99
0 | 1.33
1.3 | 1.75
3.9 | 3.94
0 | 0.338
2.6 | 3.73
2.6 | 3.28
0 | 2.11
2.5 | 2.99
0 | 0.446
1.3 | 2.72
1.25 | 1.62
1.3 | 2.68
0 | 0.238
1.25 | 2.75
1.3 | 2.53
2.5 | 3.14
1.3 | 1.44
0 | 0.802
1.25 | 2.55
2.5 | 2.67
2.6 | 4.36
2.4 | 3.53
1.25 | 2.09
0 | 0.679
2.5 | 3.34
0 | 1.61
0 | 0.65
2.5 | 2.92
2.5 | 2.88
2.5 | 3.33
0 | 1.29
1.3 | 1.63
3.75 | 4.49
1.3 | 3.3
0 | 2.75
3.75 | 3.81
2.6 | 3.52
1.3 | 3.47
1.3 | 3.77
2.6 | 3.24
0 | 1.25
0 | 2.32
2.4 | 2.67
2.4 | 2.78
0 | 0.695
1.25 | 1.67
1.3 | 2.09
2.6 | 3.26
2.4 | 2.95
2.4 | 3.17
2.4 | 2.87
0 | 1.29
1.2 | 2.7
1.25 | 2.09
0 | 1.21
2.4 | 2.51
0 | 1.1
1.25 | 3.74
1.3 | 3.13
0 | 0.995
1.2 | 2.21
1.2 | 2.78
3.9 | 3.99
1.25 | 1.86
2.4 | 3.17
2.5 | 3.92
3.7 | 4.31
1.3 | 1.86
1.2 | 3.69
1.2 | 1.74
1.3 | 2.34
0 | 2.38
1.3 | 2.86
1.3 | 1.52
2.4 | 3.55
0 | 1.67
3.75 | 4.46
2.5 | 3.33
2.5 | 2.82
2.5 | 3.34
2.4 | 2.92
3.6 | 3.66
1.15 | 1.28
1.2 | 2.34
0 | 0.672
0 | 1.55
2.5 | 2.55
0 | 0.223
1.25 | 1.35
2.5 | 2.87
2.5 | 2.99
2.6 | 3.19
0 | 0.802
1.3 | 1.53
3.85 | 4.37
2.5 | 3.01
0 | 1.99
1.25 | 2.57
2.5 | 3.81
0 | 1.19
0 | 1.49
3.9 | 4.01
2.4 | 3.19
1.25 | 2.36
2.3 | 3.09
3.9 | 4.4
1.2 | 1.39
1.3 | 2.53
0 | 0.834
2.4 | 2.88
0 | 2.65
3.9 | 3.94
2.4 | 3.77
2.5 | 3.22
0 | 1.04
1.25 | 2.49
3.75 | 4.29
3.9 | 4.71
0 | 2.69
1.3 | 2.9
1.3 | 1.65
2.5 | 3.01
1.25 | 1.78
0 | 2.65
1.3 | 2.66
2.5 | 3.15
1.25 | 2.52
1.3 | 2.75
2.5 | 2.99
2.4 | 3.44
1.3 | 1.92
2.5 | 3.49
2.5 | 4.21
1.15 | 3.04
1.2 | 2.33
2.6 | 3.69
3.9 | 4.29
0 | 2.03
3.75 | 4.04
2.4 | 3.06
3.6 | 4.37
0 | 1.46
2.6 | 2.63
3.9 | 3.96
2.5 | 3.03
0 | 1.12
1.3 | 3.24
1.2 | 3.43
2.5 | 2.86
2.4 | 2.9
2.6 | 3.06
1.2 | 1.62
2.6 | 3.67
1.3 | 2.44
1.25 | 2.89
0 | 1.51
1.15 | 2.57
2.6 | 3.61
2.5 | 3.32
1.2 | 1.76
2.5 | 3
1.3 | 1.97
3.75 | 4.25
1.3 | 2.51
2.5 | 2.8
2.3 | 4.23
0 | 1.47
1.25 | 1.7
1.25 | 1.47
2.5 | 4.29
3.45 | 3.91
2.6 | 3.51
2.6 | 3.42
2.5 | 3.23
1.15 | 2.13
2.4 | 3.32
2.5 | 3.88
2.6 | 3.7
2.55 | 4.18
2.6 | 4.04
0 | 1.95
1.15 | 1.58
0 | 1.18
1.3 | 2.9
0 | 2.01
0 | 1.44
1.25 | 1.45
0 | 1.16
0 | 1.05
0 | 1.83
0 | 2.39
1.25 | 1.32
2.6 | 3.73
2.4 | 3.57
0 | 1.09
1.25 | 1.67
2.5 | 3.15
0 | 1.22
1.3 | 2.55
2.4 | 3.75
0 | 0.811
2.5 | 3.69
1.2 | 2.48
0 | 1.21
2.5 | 2.65
1.3 | 2.18
2.6 | 3.27
2.3 | 4.02
0 | 0.833
1.25 | 2.67
2.5 | 3.67
1.25 | 2.33
0 | 0.651
3.75 | 4.09
0 | 1.04
2.6 | 3.51
2.6 | 3.1
1.25 | 2.42
1.2 | 2.65
0 | 2.13
1.25 | 4.38
1.3 | 1.78
0 | 1.11
2.4 | 2.42
2.6 | 2.62
0 | 1.08
1.3 | 1.77
1.2 | 1.82
2.4 | 3.52
1.15 | 1.67
2.5 | 3.65
2.4 | 3.7
3.9 | 4
1.25 | 1.94
1.3 | 2.67
0 | 1.82
3.9 | 4.2
2.45 | 3.54
2.6 | 3.21
1.25 | 2.15
1.3 | 2.21
0 | 1.07
2.6 | 3.48
1.25 | 1.49
1.25 | 2.73
0 | 1.61
2.5 | 3.68
0 | 1.2
1.25 | 2.58
2.5 | 3.91
0 | 0.463
2.6 | 3.72
1.3 | 2.59
3.75 | 4.76
0 | 1.04
2.4 | 3.34
0 | 0.99
3.9 | 4.09
2.6 | 2.86
0 | 0.649
1.3 | 2.55
2.5 | 3.47
1.3 | 1.74
2.6 | 3.54
2.5 | 3.71
0 | 1.28
0 | 0.903
1.3 | 2.59
1.2 | 2.01
1.25 | 2.12
1.25 | 2.49
2.6 | 3.85
0 | 1.16
0 | 0.8
1.25 | 2.68
3.9 | 4.17
1.2 | 3.62
0 | 1.17
1.2 | 1.34
1.3 | 1.96
3.75 | 4.19
0 | 1.68
2.6 | 3.79
2.5 | 3.78
1.15 | 3.58
1.2 | 1.82
2.6 | 2.78
3.9 | 4.05
1.25 | 2.42
1.3 | 2
1.25 | 2.79
2.45 | 3.46
2.5 | 4.36
1.15 | 2.25
2.6 | 3.87
2.35 | 3.85
0 | 1.71
3.6 | 3.84
1.2 | 2.16
2.3 | 3.99
2.5 | 3.2
1.25 | 1.89
0 | 0.224
1.25 | 3.57
1.25 | 1.72
3.9 | 3.92
1.3 | 3.37
1.25 | 2.05
0 | 3.22
0 | 1.16
0 | 0.471
1.25 | 2.79
1.25 | 1.55
1.2 | 2.03
2.6 | 2.64
1.25 | 2.1
2.5 | 3.68
1.2 | 2.26
1.2 | 3.15
2.6 | 3.21
2.6 | 3.46
2.6 | 4.41
2.4 | 3.43
2.5 | 3.42
3.75 | 4.52
2.5 | 2.73
0 | 0.224
1.3 | 1.38
1.2 | 2.26
0 | 2.43
1.25 | 2.13
0 | 1.47
1.3 | 2.81
0 | 1.83
1.3 | 2.66
0 | 1.45
0 | 2.2
1.3 | 2.2
1.3 | 1.49
2.45 | 3.92
0 | 1.04
2.6 | 2.68
3.9 | 4.23
2.4 | 4.22
1.2 | 2.47
1.25 | 1.92
1.3 | 2.06
1.3 | 1.6
0 | 1.4
1.25 | 2.65
0 | 1.27
1.25 | 1.47
2.55 | 3.13
0 | 1.68
0 | 0.931
0 | 1.37
1.25 | 3.29
2.5 | 2.95
0 | 0.661
1.2 | 2.04
0 | 0.427
1.3 | 3.53
2.5 | 2.82
1.3 | 1.31
1.3 | 1.73
3.75 | 4.15
2.4 | 2.51
1.3 | 1.63
1.15 | 1.88
1.3 | 1.97
2.5 | 2.95
1.25 | 2.56
0 | 2.21
1.2 | 1.33
2.5 | 3.28
0 | 1.37
2.5 | 3.81
1.3 | 1.68
2.6 | 3.62
0 | 0.917
1.3 | 2.34
0 | 0.801
1.25 | 2.13
1.25 | 2.89
0 | 1.31
2.6 | 2.96
1.25 | 1.65
2.6 | 3.53
3.75 | 4.36
1.3 | 2.53
1.3 | 2.06
1.25 | 2.8
1.3 | 1.52
0 | 1.65
2.6 | 2.68
2.5 | 3.34
1.15 | 2.59
0 | 0.512
2.4 | 2.78
1.25 | 2.43
0 | 1.12
2.5 | 2.65
0 | 2.39
1.15 | 3.12
0 | 0.929
0 | 0.828
1.3 | 1.76
1.25 | 1.92
1.3 | 2
1.3 | 2.71
1.25 | 3.5
0 | 1.36
0 | 1.5
0 | 2.33
1.3 | 1.62
2.6 | 3.9
1.2 | 1.83
1.25 | 2.25
2.5 | 3.35
0 | 2.36
1.3 | 3.03
1.2 | 3.25
2.3 | 2.87
2.6 | 4.3
2.5 | 3.74
0 | 1.3
2.6 | 2.88
1.25 | 1.95
3.55 | 3.87
1.2 | 2.18
2.6 | 3.22
2.5 | 3.46
1.25 | 1.61
0 | 1.28
2.5 | 3.35
1.2 | 1.85
0 | 2.59
2.5 | 3.31
2.6 | 3.7
2.5 | 3.92
0 | 1.05
1.25 | 2.89
2.6 | 3.59
1.2 | 2.3
0 | 1.28
2.5 | 2.9
1.3 | 1.87
1.25 | 2.14
1.3 | 2.94
2.3 | 2.58
0 | 1.01
0 | 1.04
2.4 | 3.53
0 | 0.961
1.3 | 1.85
1.25 | 1.51
2.35 | 3.84
2.55 | 3.96
1.1 | 1.31
2.5 | 3.87
0 | 0.561
0 | 1.27
2.3 | 3.92
2.5 | 3.35
1.3 | 2.76
0 | 1.27
2.5 | 3.6
0 | 0.891
0 | 2.09
3.6 | 4.37
3.6 | 3.96
0 | 1.38
1.25 | 2.17
3.9 | 4.77
2.6 | 4.46
1.3 | 1.87
2.5 | 3.09
0 | 2.51
1.3 | 2.42
1.25 | 2.25
2.5 | 3.81
2.6 | 3.89
1.3 | 1.98
2.5 | 3.21
2.5 | 3.36
1.3 | 1.65
0 | 1.8
2.5 | 2.64
2.6 | 3.81
2.6 | 3.2
1.25 | 3.04
2.5 | 3.31
0 | 1.16
0 | 0.988
1.2 | 1.5
1.3 | 2.2
2.5 | 3.2
1.3 | 2.44
1.3 | 1.57
1.3 | 2.71
1.3 | 2.48
1.3 | 2.56
2.5 | 2.87
1.3 | 2.33
3.9 | 4.25
2.5 | 2.82
0 | 0.332
0 | 1.35
3.9 | 4.86
0 | 1.86
2.6 | 3.55
0 | 1.16
2.5 | 2.82
0 | 1.7
1.25 | 1.81
1.3 | 1.81
1.2 | 2.04
0 | 1.27
0 | 0.827
2.6 | 2.82
1.25 | 3.17
2.5 | 3.75
0 | 0.781
3.75 | 4.36
1.3 | 1.95
0 | 1.18
2.5 | 3.25
1.2 | 2.87
2.5 | 2.97
2.6 | 2.71
1.25 | 1.68
1.3 | 1.73
2.5 | 3.12
0 | 1.12
2.5 | 4.42
1.3 | 1.63
1.3 | 1.39
0 | 1.49
0 | 0.793
0 | 0.947
1.3 | 1.38
0 | 1.34
0 | 1.79
2.6 | 3.32
1.2 | 4.15
1.25 | 2.34
0 | 0.699
2.6 | 3.21
1.3 | 1.72
1.25 | 3.78
1.3 | 1.4
2.5 | 2.82
1.2 | 2.34
0 | 1.46
3.75 | 4.24
3.75 | 4.2
1.2 | 2.04
0 | 1.01
0 | 0.348
0 | 1.88
0 | 0.329
2.5 | 4.37
2.4 | 3.32
2.6 | 2.86
0 | 0.679
1.3 | 1.32
1.15 | 2.14
2.4 | 4.16
1.25 | 3.15
1.3 | 1.6
2.5 | 4.05
2.5 | 3.57
2.5 | 3.43
1.2 | 1.49
1.25 | 1.95
0 | 1.18
1.25 | 1.66
0 | 1.45
0 | 1.56
2.5 | 2.88
1.2 | 2.77
2.6 | 3.52
2.5 | 4.3
3.9 | 4.06
2.4 | 2.78
1.3 | 2.09
0 | 2.06
0 | 0.743
2.5 | 4.46
0 | 1.88
2.6 | 3.38
0 | 1.16
1.25 | 2.82
0 | 1.28
2.5 | 2.94
2.6 | 3.57
0 | 0.828
0 | 1.28
2.5 | 3.91
1.2 | 3.77
2.4 | 3.21
1.25 | 1.96
2.4 | 4.35
1.3 | 2.83
0 | 0.58
1.3 | 2.56
0 | 2.35
2.5 | 3.55
2.5 | 3.44
2.6 | 3.68
0 | 1.15
2.6 | 3.91
2.5 | 3.01
1.25 | 1.7
2.4 | 2.79
1.2 | 2.14
3.9 | 4.12
0 | 0.959
2.6 | 2.69
0 | 1.34
1.3 | 2.56
1.3 | 1.61
2.45 | 3.42
3.9 | 4.88
1.3 | 1.58
0 | 1.21
1.15 | 2.87
3.9 | 4.17
0 | 3.12
0 | 0.77
1.25 | 1.44
2.4 | 4.51
1.25 | 1.45
1.3 | 3.13
0 | 1.15
1.2 | 2.24
1.15 | 2.2
1.2 | 1.7
1.25 | 2.45
2.5 | 3.69
2.4 | 3.46
2.6 | 3.99
2.4 | 2.78
2.5 | 4.52
0 | 1.02
1.2 | 3.64
2.55 | 4.47
2.4 | 3.01
0 | 1.85
2.6 | 3.57
0 | 0.707
0 | 2.13
1.25 | 1.7
2.5 | 3.55
2.5 | 3.23
1.25 | 3.14
1.15 | 1.66
1.25 | 2.66
2.6 | 2.84
0 | 1.34
2.6 | 3.81
1.3 | 1.55
0 | 0.325
0 | 0.471
1.3 | 2.27
2.5 | 3.17
1.3 | 2.24
1.25 | 1.83
3.75 | 4.54
1.2 | 2.02
2.6 | 2.86
1.3 | 2.62
0 | 1.2
0 | 1.48
0 | 1.84
2.3 | 4.16
2.6 | 3.79
1.25 | 1.98
3.9 | 4.18
1.25 | 2.92
0 | 1.65
2.4 | 4.17
1.3 | 2.35
2.5 | 4.36
3.9 | 4.47
2.45 | 3.88
1.2 | 2.42
1.3 | 2.36
1.3 | 1.31
0 | 1.37
2.6 | 3.33
3.6 | 4.27
0 | 1.03
1.3 | 2.75
1.2 | 2.07
1.25 | 3.78
1.2 | 1.94
2.3 | 3.45
1.25 | 3.01
1.25 | 2.39
2.5 | 3.81
0 | 1.2
2.5 | 3.55
1.3 | 2.46
0 | 0.478
1.25 | 3.08
2.5 | 3.58
2.4 | 3.26
2.3 | 3.74
1.25 | 2.94
3.75 | 4.7
1.2 | 2.06
2.5 | 4.16
1.25 | 3.03
2.5 | 3.64
1.3 | 1.54
1.25 | 3.51
1.25 | 1.94
0 | 0.918
1.3 | 2.2
1.2 | 1.57
0 | 1.49
2.5 | 3.29
2.5 | 3.33
1.25 | 1.36
2.4 | 3.97
0 | 1.06
1.25 | 2.83
1.3 | 2.41
2.6 | 3.58
2.6 | 3.44
1.3 | 2.72
2.6 | 2.97
2.5 | 4.18
1.25 | 2.55
3.75 | 4.42
0 | 1.81
1.3 | 1.53
1.3 | 1.65
2.4 | 3.06
3.9 | 4.68
0 | 1.18
0 | 0.811
1.25 | 2.65
1.3 | 1.67
3.75 | 4.6
0 | 1.06
0 | 1.72
0 | 0.834
0 | 0.906
2.5 | 3.81
1.3 | 2.48
1.25 | 1.82
1.25 | 1.72
1.25 | 2.29
2.6 | 3.95
0 | 1.18
0 | 0.891
0 | 2.43
0 | 2.89
0 | 0.992
0 | 1.03
1.25 | 2.4
1.15 | 2.32
1.25 | 2.32
1.25 | 2.49
0 | 1.28
3.9 | 3.97
1.25 | 2.05
2.4 | 3.68
2.5 | 3.84
2.6 | 2.71
0 | 1.4
1.3 | 2.38
1.15 | 1.88
2.5 | 4.12
2.6 | 3.06
2.4 | 3.53
1.25 | 2.94
1.15 | 3.35
1.3 | 3.54
0 | 1.5
0 | 1.07
2.4 | 3.5
0 | 1.06
2.4 | 3.66
2.5 | 3.77
2.4 | 2.99
1.2 | 1.64
1.25 | 2.83
1.25 | 2.72
3.6 | 4.02
2.5 | 3.6
2.5 | 3.45
0 | 1.06
0 | 1.91
1.25 | 2.57
1.3 | 2.7
0 | 1.15
2.5 | 3.08
2.6 | 3.37
1.25 | 1.37
1.15 | 3.25
0 | 0.464
3.75 | 3.9
1.1 | 2.55
1.2 | 2.2
1.25 | 2
2.4 | 2.98
2.5 | 4.3
0 | 1.25
3.6 | 4.25
3.75 | 4.08
2.6 | 3.74
2.6 | 3.58
2.5 | 4.33
3.9 | 4.08
0 | 1.27
2.6 | 4
2.6 | 3.09
1.2 | 2.59
2.4 | 3.12
2.3 | 3.11
2.5 | 3.12
1.15 | 3.37
2.6 | 4.46
2.5 | 2.73
2.6 | 3.66
2.6 | 4.73
2.4 | 2.95
2.3 | 3.38
0 | 1.14
2.5 | 2.84
2.6 | 4.18
2.6 | 3.24
1.25 | 1.95
2.5 | 3.43
1.3 | 3.06
1.15 | 2.41
1.3 | 1.86
2.6 | 4.65
2.4 | 3.59
3.75 | 3.96
3.75 | 4.04
2.6 | 4.1
2.6 | 3.6
2.6 | 3.22
0 | 0.998
2.3 | 2.96
0 | 1.15
2.6 | 3.81
1.3 | 2.56
0 | 0.569
1.25 | 2.29
1.25 | 1.38
2.5 | 3.35
2.5 | 3.72
1.3 | 2.2
0 | 0.473
1.3 | 2.39
0 | 0.545
1.25 | 1.73
1.25 | 2.71
1.3 | 1.5
2.6 | 4.12
3.9 | 4.18
0 | 1.03
0 | 1.19
2.6 | 3.42
0 | 1.45
1.2 | 1.54
1.25 | 2
3.6 | 3.73
3.9 | 4.78
1.2 | 2.3
1.3 | 2.79
3.6 | 3.61
1.2 | 2.44
0 | 1.98
1.3 | 2.38
1.3 | 1.55
0 | 1.32
2.5 | 3.1
1.2 | 3.01
1.3 | 2.13
0 | 0.458
2.5 | 3
3.9 | 4.62
1.15 | 2.12
0 | 0.925
0 | 2.45
0 | 0.905
1.3 | 1.77
2.5 | 2.56
3.75 | 3.97
2.5 | 2.94
1.3 | 3.18
0 | 1.26
1.3 | 2.38
2.25 | 3.18
0 | 0.983
1.25 | 2.62
0 | 1.01
0 | 1.03
0 | 0.886
2.5 | 3.85
0 | 1.98
0 | 0.583
1.25 | 2.48
3.75 | 4.5
1.3 | 1.92
1.3 | 3.3
1.15 | 3.77
2.5 | 3.28
2.5 | 3.08
0 | 0.889
1.3 | 2.48
2.6 | 3.95
1.15 | 3.65
2.6 | 2.63
2.4 | 4.03
1.3 | 2.48
2.6 | 3.48
2.5 | 2.87
2.6 | 3.43
1.3 | 3.54
1.2 | 3.22
2.6 | 4.06
2.6 | 2.72
2.5 | 3.93
1.25 | 1.82
1.3 | 1.52
1.25 | 1.71
1.3 | 2.26
2.4 | 3.84
2.5 | 2.85
2.5 | 3.35
0 | 0.689
2.4 | 2.75
1.2 | 1.81
2.3 | 3.37
1.25 | 1.58
0 | 0.435
0 | 0.919
3.9 | 4.17
2.6 | 2.74
0 | 0.913
2.5 | 3.98
0 | 0.95
1.25 | 2.01
2.5 | 3.46
2.6 | 2.62
2.6 | 2.78
0 | 1.56
2.5 | 2.98
1.25 | 2.55
0 | 1.97
1.3 | 1.41
1.3 | 2.02
1.3 | 1.52
0 | 1.6
0 | 1.67
1.25 | 2.29
2.6 | 3.46
0 | 0.953
2.5 | 2.92
1.25 | 2.85
2.5 | 3.33
1.25 | 3.17
3.6 | 3.79
1.15 | 2.21
0 | 1.6
2.5 | 2.86
1.25 | 1.58
2.6 | 3.6
1.2 | 1.32
2.6 | 3.28
2.6 | 2.95
2.4 | 3.63
2.4 | 4.32
2.5 | 3.99
2.6 | 3.11
0 | 1.62
1.2 | 1.92
0 | 1.87
1.25 | 1.52
0 | 0.78
2.4 | 3.37
1.25 | 1.81
1.3 | 2.54
2.3 | 2.96
2.4 | 3.73
2.6 | 3.62
1.3 | 2.94
0 | 2.41
0 | 2.02
0 | 0.355
2.5 | 2.79
2.5 | 3.43
0 | 1.25
2.5 | 2.87
1.2 | 2.4
1.2 | 1.41
1.25 | 2.18
1.2 | 2.75
0 | 2
1.25 | 1.93
1.25 | 2.37
0 | 1.28
1.3 | 2.75
2.5 | 2.69
3.75 | 4.2
2.4 | 3.11
2.6 | 2.97
1.3 | 2.51
1.3 | 3.88
2.4 | 3.14
0 | 0.9
1.25 | 2.38
0 | 0.94
1.3 | 2.26
1.3 | 1.66
0 | 1.15
2.6 | 3
0 | 0.844
2.6 | 3.46
2.6 | 3.51
0 | 0.892
2.5 | 3.29
1.25 | 1.26
1.25 | 1.97
2.5 | 4.13
1.25 | 2.75
0 | 1.25
1.3 | 1.84
2.6 | 3.43
0 | 1.78
0 | 1.53
0 | 1.09
2.4 | 3.61
1.3 | 2.05
1.3 | 2.84
2.4 | 3.81
2.6 | 4.63
1.3 | 3.58
1.2 | 1.65
1.3 | 1.34
0 | 0.656
1.3 | 2.25
1.25 | 1.61
1.3 | 2.36
1.25 | 2
2.5 | 3.4
2.6 | 3.92
0 | 0.583
3.9 | 4.36
0 | 1.03
2.4 | 3.6
2.5 | 4.02
0 | 1.72
0 | 0.661
1.3 | 1.31
1.3 | 2.15
1.3 | 1.8
2.5 | 3.66
0 | 0.554
1.25 | 2.72
1.25 | 2.65
2.5 | 2.67
0 | 2.64
1.3 | 2.6
0 | 2.66
1.2 | 2.88
0 | 1.31
2.3 | 4.42
1.2 | 1.54
1.25 | 1.67
2.6 | 3.93
2.4 | 2.76
1.25 | 3.49
1.25 | 1.49
0 | 1.17
2.4 | 3.7
2.55 | 4.43
1.15 | 2.41
2.5 | 3.79
2.5 | 3.64
0 | 2.95
2.5 | 3.21
1.2 | 2.29
0 | 0.336
2.4 | 3.86
1.3 | 2.2
1.3 | 3.95
1.25 | 2.86
0 | 1.5
2.6 | 3.33
1.2 | 3.63
0 | 0.909
0 | 0.314
0 | 1.89
2.4 | 4.17
1.3 | 1.89
0 | 2.5
2.5 | 3.33
0 | 1.06
3.75 | 4
1.25 | 2.41
1.15 | 1.66
0 | 0.227
0 | 1.43
0 | 1.19
0 | 1.32
1.3 | 1.31
1.3 | 1.79
0 | 2.24
0 | 2.09
3.75 | 3.81
1.2 | 2.83
1.3 | 1.75
0 | 1.89
2.6 | 3.31
1.2 | 3.11
1.25 | 3.32
2.6 | 3.79
2.6 | 3.41
2.5 | 2.61
0 | 0.458
2.5 | 3.58
0 | 1.03
2.6 | 2.87
2.6 | 4.08
0 | 1
1.25 | 2.53
2.5 | 3.45
0 | 1.26
2.6 | 3.89
0 | 1.19
1.2 | 1.43
2.5 | 2.75
2.4 | 3.97
2.6 | 4.01
1.25 | 3.34
0 | 1.91
1.2 | 2.77
0 | 1.06
0 | 0.805
0 | 1.15
0 | 1.72
0 | 0.896
2.5 | 3.4
0 | 0.595
0 | 1.23
2.5 | 3.56
2.6 | 3.42
1.3 | 2.21
0 | 1.81
0 | 0.455
1.3 | 2.43
0 | 2.37
2.6 | 3.01
0 | 1.02
2.6 | 3.44
1.3 | 2.88
0 | 1.47
2.5 | 3.46
1.25 | 1.38
1.3 | 1.78
2.3 | 3.27
1.25 | 1.37
3.9 | 4.41
0 | 0.603
0 | 1.51
1.2 | 1.85
3.6 | 4.08
0 | 0.672
2.6 | 3.86
1.25 | 2.29
2.4 | 3.17
2.6 | 4.12
1.15 | 1.9
1.3 | 2.99
1.3 | 2.47
2.5 | 4.17
1.25 | 3.67
0 | 1.06
3.9 | 4.2
1.25 | 2.48
1.2 | 2.98
1.25 | 1.73
2.6 | 3.34
0 | 0.457
1.25 | 1.72
0 | 2.23
2.5 | 3.07
0 | 1.91
2.4 | 3.71
0 | 1.42
2.6 | 3.94
2.6 | 3.88
1.3 | 2.9
0 | 0.965
2.6 | 3.86
0 | 1.18
2.5 | 4.31
2.6 | 4.17
2.6 | 2.83
2.6 | 2.76
2.6 | 3.44
1.3 | 1.46
2.6 | 3.78
1.2 | 2.84
2.55 | 3.92
0 | 1.03
2.5 | 3.46
1.25 | 1.96
2.5 | 3.4
0 | 0.35
1.3 | 1.54
1.25 | 2.49
0 | 1.26
2.5 | 4.47
0 | 0.925
2.6 | 2.84
3.9 | 4.23
0 | 1.05
2.4 | 2.98
2.6 | 2.79
1.3 | 1.78
0 | 0.802
0 | 1.25
1.2 | 2.86
2.45 | 4.02
3.9 | 4.96
0 | 0.607
1.25 | 1.97
2.5 | 3.58
1.25 | 3.73
1.25 | 3.05
1.25 | 2.66
2.6 | 3.39
1.3 | 2.25
2.5 | 2.98
0 | 1
1.25 | 2.05
1.25 | 1.49
1.2 | 1.55
2.4 | 3.19
1.25 | 2.32
0 | 0.797
1.3 | 2.25
2.5 | 4.1
2.5 | 2.96
1.2 | 1.68
0 | 0.919
0 | 1.19
2.5 | 3.57
1.3 | 2.24
2.3 | 3.73
1.2 | 3.37
1.2 | 2.22
3.75 | 4.34
1.3 | 2.14
2.6 | 3.97
2.6 | 3.42
2.6 | 4.02
1.25 | 1.95
2.5 | 4
2.5 | 2.79
0 | 1.09
0 | 1.48
2.6 | 3.51
1.3 | 2.3
1.3 | 2.68
1.3 | 2.58
0 | 0.93
1.25 | 2.87
1.3 | 2.17
2.6 | 4
1.2 | 2.39
2.5 | 2.77
1.2 | 2.33
1.25 | 1.7
2.5 | 3.67
0 | 0.717
0 | 1.36
1.3 | 2.35
2.5 | 3.22
2.6 | 3.62
0 | 0.661
2.5 | 3.6
2.4 | 4.57
2.45 | 3.23
2.6 | 4.13
2.5 | 3.39
1.2 | 3.15
1.3 | 2.23
0 | 2.35
0 | 0.792
0 | 0.782
0 | 2.06
0 | 1.33
1.25 | 2
1.3 | 1.91
1.3 | 2.67
1.25 | 2.46
0 | 0.595
0 | 0.886
0 | 1.26
0 | 0.792
2.6 | 4.05
2.6 | 3.03
3.75 | 3.89
2.6 | 3.63
2.4 | 3.31
0 | 1.25
1.25 | 1.79
0 | 0.956
0 | 1.38
0 | 1.1
0 | 0.589
0 | 0.33
0 | 1.3
1.25 | 1.61
0 | 1.36
2.6 | 3.33
1.25 | 2.08
0 | 2.15
1.25 | 1.6
2.6 | 3.35
2.6 | 2.82
1.3 | 2.4
0 | 1.34
0 | 1.02
0 | 1.65
0 | 1.1
1.25 | 2.75
2.3 | 3.34
0 | 1.49
0 | 1.21
3.75 | 4.77
0 | 0.907
0 | 1.07
1.25 | 1.59
0 | 1.4
1.3 | 2.16
0 | 1.12
1.3 | 2.72
1.3 | 1.4
1.2 | 2.1
1.2 | 2.72
0 | 0.916
1.25 | 1.38
2.6 | 2.72
2.6 | 4.02
0 | 0.594
2.6 | 4.1
2.5 | 2.9
2.6 | 3.18
0 | 1.65
2.5 | 3.35
2.4 | 4.28
0 | 0.886
2.5 | 3.34
0 | 0.716
2.4 | 3.4
0 | 0.891
2.2 | 2.96
1.25 | 2.51
1.2 | 2.61
0 | 0.44
2.6 | 3.5
1.25 | 2.04
0 | 0.982
1.3 | 2.37
0 | 1.47
1.25 | 1.97
1.15 | 3.56
2.6 | 3.89
2.5 | 2.67
1.25 | 2.55
0 | 1.43
2.6 | 3.76
1.3 | 2.38
0 | 1.24
0 | 1.14
1.25 | 2.8
1.25 | 1.47
1.25 | 1.92
1.2 | 4.1
1.25 | 2.06
2.5 | 3.58
0 | 1.16
0 | 0.438
1.15 | 2.13
3.6 | 4.41
1.25 | 3.31
1.25 | 2.6
1.25 | 2.2
1.25 | 2.89
2.6 | 3.42
1.2 | 1.8
1.25 | 2.53
0 | 2.82
2.4 | 4.14
2.5 | 3.71
2.3 | 3.34
1.2 | 1.88
3.75 | 4.46
3.75 | 3.97
2.6 | 3.73
2.6 | 3.2
0 | 1.41
0 | 0.721
1.3 | 1.9
2.4 | 3.27
2.6 | 3.95
1.2 | 2.64
2.6 | 2.88
1.25 | 2.27
0 | 1.06
1.25 | 2.62
2.4 | 3.05
2.6 | 3.94
1.25 | 2.08
0 | 1.27
1.25 | 2.28
1.25 | 2.16
2.55 | 3.85
2.6 | 3.75
2.5 | 4
2.5 | 3.64
2.5 | 3.18
1.3 | 2.42
0 | 0.707
2.5 | 3.07
1.25 | 1.28
1.3 | 2.47
0 | 1.18
2.5 | 3.32
0 | 1.28
0 | 0.222
3.9 | 4.66
