Number Goods: 12,  Number Bidders: 150,  Number Iterations: 2000
integral util | fractional util
0 | 0.671
2.5 | 2.69
0 | 1.05
1.1 | 1.51
2 | 2.28
1.05 | 1.2
0 | 1.09
1.3 | 2.17
1.25 | 1.9
0 | 0.703
1.25 | 2.47
0 | 0.938
1.1 | 1.58
0 | 0.874
2.5 | 3.26
1.2 | 1.91
3.3 | 3.33
1.3 | 1.38
0 | 0.767
1.15 | 2.1
2.6 | 2.98
0 | 1.05
2.3 | 3.43
1.2 | 2.19
1.1 | 1.93
2.1 | 2.34
2.5 | 2.91
0 | 1.19
2.3 | 2.89
2.6 | 2.66
2.3 | 2.85
0 | 1
2.4 | 3.13
2.2 | 2.76
0.95 | 1.66
0 | 1.1
2.5 | 2.94
1.1 | 1.92
0 | 0.851
0 | 0.501
2.4 | 2.77
1.2 | 1.56
1.2 | 1.92
1.15 | 1.56
1.1 | 2.26
0 | 1.25
2.3 | 2.76
1.2 | 1.83
0 | 1.13
1 | 1.76
0.9 | 1.29
2.5 | 2.65
2.2 | 2.72
1.05 | 1.95
0 | 0.922
1.2 | 1.53
2.5 | 3.03
0.95 | 1.87
1.9 | 2.66
1 | 1.04
3.15 | 3.36
1.8 | 2.37
2 | 2.4
2.45 | 2.85
1.1 | 1.49
0 | 1
2.1 | 3.02
1.05 | 1.51
2.2 | 2.99
1.1 | 1.17
0 | 0.357
0 | 0.581
2.2 | 2.52
0 | 1.04
0 | 0.651
2.15 | 2.34
0.85 | 1.1
2.2 | 2.22
1.15 | 1.65
1.1 | 1.51
1.25 | 2
1.3 | 2.27
1.05 | 2.64
0 | 0.79
0.95 | 1.03
0 | 0.57
1.15 | 2.2
1.25 | 1.59
2.4 | 3.1
1 | 1.06
1.15 | 1.58
0 | 0.831
0 | 0.274
1.1 | 1.25
0 | 1.49
0.95 | 1.59
0 | 0.502
2.1 | 2.48
1.3 | 1.98
1.1 | 2.16
2.3 | 2.36
1.15 | 1.48
0 | 0.795
2.3 | 2.53
1.9 | 2.38
1.05 | 1.25
0.95 | 1.9
0 | 0.505
0 | 1.03
1.1 | 1.65
0 | 0.669
1.3 | 1.56
0 | 0.395
1 | 1.68
1.3 | 1.95
2.2 | 3.11
0.95 | 1.75
2.4 | 2.47
1.3 | 2.17
1.05 | 1.68
1.2 | 1.37
0 | 0.357
1 | 1.32
2 | 2.14
3.9 | 3.93
1.2 | 2.19
1.2 | 1.61
0 | 0.752
1.2 | 1.92
2 | 2.15
1.2 | 1.74
0 | 0.826
0 | 0.899
1.1 | 1.83
1 | 1.74
2.4 | 2.74
1.1 | 2.2
0 | 0.676
2 | 2.24
0.95 | 1.3
0.85 | 0.968
1.1 | 2
1.25 | 1.49
2.3 | 2.36
2.6 | 3.55
3.75 | 3.79
0 | 0.643
0.95 | 1.9
1.25 | 2.38
1.1 | 1.41
0 | 0.537
1.3 | 1.68
1.25 | 1.95
0 | 1.21
2.3 | 2.91
0 | 0.932
0.75 | 1.07
0 | 1.05
1.2 | 1.45
1.15 | 2.1
2.3 | 3.03
1.9 | 2.73
1.2 | 2.24
1.7 | 2
1.2 | 2.29
0 | 0.571
2.6 | 2.99
1.15 | 1.61
1.25 | 2.87
0 | 0.892
0 | 0.254
1.1 | 1.77
2.2 | 2.63
1.1 | 1.78
0 | 0.747
0 | 1.19
1 | 1.9
0.95 | 1.04
1.1 | 2.02
2 | 2.13
2.2 | 2.51
1.6 | 1.62
0 | 0.76
1.1 | 2.03
1 | 1.78
0 | 0.819
1.3 | 1.54
1.25 | 1.63
1.1 | 2.02
1.2 | 2.27
0.95 | 1.19
0 | 0.155
0 | 0.597
2.3 | 2.37
0.95 | 1.48
0 | 0.753
1.25 | 1.93
2.1 | 2.55
0 | 1.08
0.9 | 1.66
0 | 0.252
1.3 | 1.99
2.2 | 2.41
2.3 | 2.44
2.4 | 3.09
1.1 | 2.11
1.1 | 1.54
1.15 | 1.36
1.05 | 2.07
0 | 0.613
1.2 | 1.81
2.4 | 2.63
1.25 | 1.39
2.25 | 2.58
1.2 | 2.12
1 | 1.25
2 | 2.33
2.4 | 2.44
2.2 | 2.25
0 | 1.4
1.05 | 1.43
1.1 | 1.69
1.1 | 1.85
0 | 0.98
2.5 | 3.14
2.15 | 2.99
2.3 | 2.96
0 | 0.703
0 | 0.847
1.2 | 1.51
2.5 | 3.14
2.3 | 2.56
1.95 | 2.45
1.3 | 1.74
2.6 | 2.87
1.05 | 1.32
0 | 0.73
1.15 | 1.94
0 | 0.56
1.9 | 2.21
0 | 0.843
1.25 | 2.2
2.3 | 2.72
0 | 0.973
1.2 | 2.05
2.5 | 2.57
1.2 | 1.3
1.15 | 2.19
2.4 | 3.16
1.05 | 1.68
0 | 0.815
1.15 | 1.95
1.15 | 2.22
1.05 | 1.15
3.15 | 3.17
0.95 | 0.993
2.4 | 2.65
2 | 2.04
1.9 | 2.1
0 | 0.64
1.2 | 1.35
2.5 | 2.92
1.1 | 1.7
0 | 1.01
0.95 | 1.68
1.2 | 1.24
1.9 | 2.47
0 | 1.53
2.3 | 2.53
1.05 | 1.99
1.05 | 1.7
0 | 0.966
0 | 0.964
1.3 | 1.32
1.15 | 1.5
0 | 0.203
2.5 | 2.87
1.1 | 1.83
0 | 0.665
2.5 | 3.19
1 | 1.75
0 | 0.871
2.3 | 2.86
2.4 | 2.74
0 | 0.642
1.2 | 1.76
0.9 | 1.08
2 | 2.41
0.9 | 1.05
0.9 | 1.27
1.05 | 2.09
2.3 | 2.84
2.3 | 3.07
2.4 | 3.15
1.1 | 1.69
1.1 | 1.61
2 | 2.07
1.2 | 2.02
1.2 | 1.95
1.15 | 1.76
Number Goods: 24,  Number Bidders: 50,  Number Iterations: 2000
integral util | fractional util
6.3 | 7.66
17.6 | 19.6
11 | 11.5
13.3 | 15.2
14 | 15.4
7.8 | 8.95
8.75 | 9.03
5 | 6.18
5.25 | 5.37
12 | 14.1
10 | 10.7
6.25 | 7.14
12.3 | 13.5
4.8 | 4.86
13.2 | 13.3
7.1 | 8.53
10.8 | 11.4
6.25 | 7.09
15.4 | 16
7.35 | 8.35
13 | 14
21.2 | 22.1
3.8 | 4.57
16.8 | 17.1
8 | 8.21
7.7 | 7.74
6.25 | 6.93
4.2 | 5.02
13.4 | 15.5
15.6 | 17.6
9.2 | 9.32
15.5 | 16.2
4.6 | 4.66
9.85 | 10.6
11.6 | 12.3
12 | 13.2
13.2 | 13.7
14.3 | 14.5
16.8 | 17
10.7 | 12.3
8.8 | 10.2
8.8 | 9.12
12 | 12
6.6 | 7.15
7.5 | 8.18
10.2 | 10.3
7.5 | 8.17
10.4 | 10.8
3.6 | 4.48
13.8 | 14.8
6.25 | 7.49
2.4 | 2.6
11.5 | 12
12 | 12.9
8.05 | 8.46
5.25 | 5.32
8.1 | 8.69
13 | 14.2
12.6 | 13.3
2.4 | 2.88
2.7 | 2.98
13.8 | 14.6
17.5 | 19
16.4 | 18
8.4 | 8.86
13.8 | 14.3
6.9 | 7.2
9.2 | 9.49
1.05 | 1.75
10.3 | 11.5
14.2 | 15.2
14.7 | 15.2
6.6 | 7.24
3.9 | 5.21
15 | 15.1
14.6 | 15.3
9.45 | 10.5
17.1 | 18
15.6 | 17.5
13 | 14.2
9.9 | 10.6
7.6 | 8.71
11 | 11
16.9 | 17.6
18 | 19
6 | 6.52
8.75 | 9.95
11.7 | 12.9
6.6 | 8.27
11.5 | 12.5
7.8 | 8.26
10.7 | 12
8.75 | 9.21
15.7 | 17
7.4 | 9.9
9.1 | 9.96
4.2 | 4.97
11.6 | 12.4
14.4 | 15
12.6 | 13.5
